0.1 -0.498755513724725
0.2 -0.495096746262816
0.3 -0.489228337624387
0.4 -0.48145489237536
0.5 -0.472134576725265
0.6 -0.46163651573748
0.7 -0.450314310043266
0.8 -0.438470615890138
0.9 -0.426368671195101
1 -0.414208239230782
0,3 -0,483890162383415
0,3 -0,488413503430582
0,3 -0,4890408458996
0,3 -0,489187563739655
0,3 -0,489224093223923
0,3 -0,489228337624387
0,3 -0,489229225928526
0,3 -0,489229428244849
0,3 -0,489229447514816
0,3 -0,483890162383415
0,3 -0,488413503430582
0,3 -0,4890408458996
0,3 -0,489187563739655
0,3 -0,489224093223923
0,3 -0,489228337624387
0,3 -0,489229225928526
0,3 -0,489229428244849
0,3 -0,489229447514816
0,3 -0,489228337624387
0,3 -0,489228337624387
0,3 -0,489228337624387
0,3 -0,489228337624387
0,3 -0,489228337624387
0,3 -0,489228337624387
0,3 -0,489228337624387
0,3 -0,489228337624387
0,3 -0,489228337624387
0,3 -0,489228337624387
0,3 -0,489228337624387
0,3 -0,489228337624387
0,3 -0,489228337624387
0,3 -0,489228337624387
0,3 -0,489228337624387
0,3 -0,489228337624387
0,3 -0,489228337624387
0,3 -0,489228337624387
0,3 -0,489228337624387
0,3 -0,489228337624387
0,3 -0,489228337624387
0,3 -0,489228337624387
0,3 -0,489228337624387
0,3 -0,489228337624387
0,3 -0,489228337624387
0,3 -0,489228337624387
0,3 -0,489228337624387
0,3 -0,489228337624387
0,3 -0,489228337624387
0,3 -0,489228337624387
0,3 -0,489228337624387
0,3 -0,489228337624387
0,3 -0,489228337624387
0,3 -0,489228337624387
0,3 -0,489228337624387
0,3 -0,489228337624387
0,3 -0,489228337624387
0,3 -0,489228337624387
0,3 -0,489228337624387
0,3 -0,489228337624387
