5 -0.483890162383412
6 -0.488413503430591
7 -0.48904084589959
8 -0.48918756373973
9 -0.489224093223881
10 -0.489228337624389
11 -0.489229225928532
12 -0.489229428245036
13 -0.489229447514828
10 -0,489228337624389
10 -0,489228337624389
10 -0,489228337624389
10 -0,489228337624389
10 -0,489228337624389
10 -0,489228337624389
10 -0,489228337624389
10 -0,489228337624389
10 -0,489228337624389
10 -0,489228337624389
10 -0,489228337624389
10 -0,489228337624389
10 -0,489228337624389
10 -0,489228337624389
10 -0,489228337624389
10 -0,489228337624389
10 -0,489228337624389
10 -0,489228337624389
10 -0,489228337624389
10 -0,489228337624389
10 -0,489228337624389
10 -0,489228337624389
10 -0,489228337624389
10 -0,489228337624389
10 -0,489228337624389
10 -0,489228337624389
10 -0,489228337624389
10 -0,489228337624389
10 -0,489228337624389
10 -0,489228337624389
10 -0,489228337624389
10 -0,489228337624389
10 -0,489228337624389
10 -0,489228337624389
10 -0,489228337624389
10 -0,489228337624389
10 -0,489228337624389
10 -0,489228337624389
10 -0,489228337624389
10 -0,489228337624389
