0.3 0.436908468788633 -0.186589560254015 0.226738144041862 0.417961923411008
0.6 0.650146497796271 -0.264957481722381 0.313503780434443 0.309633808414052
0.9 0.725593192655786 -0.269137743133213 0.30078491766868 0.229382367012202
1.2 0.719817785293772 -0.224873653649564 0.222696137224569 0.16993063698574
1.5 0.669457656566055 -0.151376357684277 0.107343368863212 0.125887712131087
1.8 0.597715786404055 -0.0627416729272741 -0.0227509786990757 0.093259910906644
2.1 0.518837848907016 0.0309122458655664 -0.150175926955914 0.0690886412587956
2.4 0.441177526288482 0.12253483343696 -0.262125937402991 0.0511821242866584
2.7 0.36927946809091 0.207418206845037 -0.349873572491064 0.0379166502447529
3 0.305281934927724 0.282622404418858 -0.408232611775678 0.0280893453685288
3.3 0.249850949933677 0.346522171175009 -0.435022577544974 0.0208090988560278
3.6 0.202793879883566 0.398451736062128 -0.430544626693654 0.0154157595885125
3.9 0.163455370179852 0.438428407695124 -0.397077634874729 0.0114202755888189
4.2 0.130966825138759 0.466939206824747 -0.338402195932114 0.0084603482414037
4.5 0.104398500926852 0.48477787897165 -0.259358923666552 0.00626758013054439
4.8 0.0828476803001983 0.492921789567848 -0.165446319147467 0.00464313756028999
5.1 0.0654857304976882 0.492440375260983 -0.0624621142793266 0.00343972090579448
5.4 0.0515792639101486 0.484428331045017 0.0438091711199105 0.00254820792107237
5.7 0.0404956116931267 0.469958036115306 0.147860888142328 0.00188775885801589
6 0.0316992422410209 0.450046895151483 0.244680723478215 0.00139848615827149
6.3 0.0247433664965285 0.425636023176535 0.329919551090192 0.00103602402741869
6.6 0.0192594678016812 0.397577541765683 0.400014235409719 0.000767505476575825
6.9 0.0149463233301677 0.366628238669967 0.452266754240906 0.000568582041520377
7.2 0.0115594619015744 0.333447889323979 0.484882729521943 0.000421215936310704
7.5 0.00890155322749988 0.298600846408078 0.496973082955806 0.000312044440460479
7.8 0.00681388972505221 0.262559890791166 0.488522991344138 0.000231168207155555
8.1 0.00516901826152898 0.225711479796646 0.460332655394257 0.000171253619903161
8.4 0.00386447168866856 0.188361854375219 0.41393463722517 0.000126867801981963
8.7 0.00281742004469096 0.150743445991191 0.35149265084192 9.39859793260782E-05
9 0.00196018439420038 0.113021328269654 0.275686653804225 6.96265259733739E-05
9.3 0.00123635318066825 0.0752993860800851 0.189588983137681 5.15805990838443E-05
9.6 0.000597471319193774 0.0376261476109314 0.0965360561417152 3.82118476349906E-05
