Creating neural network with 3 hidden neurons...
Training network...
Initial cost: 131,339749
Training completed in 78 steps. Final cost: 4,023314

Function comparison:
x		True		Nework		Error
-1,0		0,353		-0,007		0,360
-0,8		0,150		-0,076		0,225
-0,6		-0,456		-0,379		0,077
-0,4		-0,844		-0,808		0,035
-0,2		-0,400		-0,446		0,046
0,0		0,540		0,597		0,057
0,2		0,961		0,935		0,026
0,4		0,460		0,478		0,018
0,6		-0,290		-0,306		0,015
0,8		-0,522		-0,513		0,009
1,0		-0,240		-0,214		0,027

Average error: 0,081321

Initial cost: 25,827896
Training completed in 332 steps. Final cost: 0,000049



Function comparison:
x		True		Nework		Error
-1,0		-1,000		-0,998		0,002
-0,8		-0,512		-0,512		0,000
-0,6		-0,216		-0,215		0,001
-0,4		-0,064		-0,064		0,000
-0,2		-0,008		-0,008		0,000
0,0		0,000		0,000		0,000
0,2		0,008		0,008		0,000
0,4		0,064		0,064		0,000
0,6		0,216		0,216		0,000
0,8		0,512		0,512		0,000
1,0		1,000		0,999		0,001

Average error: 0,000521


Derivative comparison:
x		True		Nework		Error
-1,0		3,000		2,956		0,044
-0,8		1,920		1,926		0,006
-0,6		1,080		1,081		0,001
-0,4		0,480		0,476		0,004
-0,2		0,120		0,120		0,000
0,0		0,000		0,003		0,003
0,2		0,120		0,120		0,000
0,4		0,480		0,476		0,004
0,6		1,080		1,081		0,001
0,8		1,920		1,925		0,005
1,0		3,000		2,964		0,036

Average error: 0,009472


Second Derivative comparison:
x		True		Nework		Error
-1,0		-6,000		-3,508		2,492
-0,8		-4,800		-2,930		1,870
-0,6		-3,600		-2,166		1,434
-0,4		-2,400		-1,431		0,969
-0,2		-1,200		-0,822		0,378
0,0		0,000		-0,307		0,307
0,2		1,200		0,222		0,978
0,4		2,400		0,869		1,531
0,6		3,600		1,662		1,938
0,8		4,800		2,507		2,293
1,0		6,000		3,206		2,794

Average error: 1,544000


Anti-derivative comparison:
x		True		Nework		Error
-1,0		0,000		0,000		0,000
-0,8		-0,148		-0,148		0,000
-0,6		-0,218		-0,218		0,000
-0,4		-0,244		-0,244		0,000
-0,2		-0,250		-0,250		0,000
0,0		-0,250		-0,250		0,000
0,2		-0,250		-0,250		0,000
0,4		-0,244		-0,244		0,000
0,6		-0,218		-0,218		0,000
0,8		-0,148		-0,148		0,000
1,0		0,000		0,000		0,000

Average error: 0,000026
