A =
0,248669 0,110744 0,467011 
0,771604 0,657519 0,432783 
0,354084 0,943862 0,101266 
0,642456 0,028637 0,248029 
0,320110 0,989767 0,682123 

R is triangular
Q =
0,218281 -0,109631 0,622205 
0,677314 -0,053445 -0,122287 
0,310815 0,562059 -0,551279 
0,563947 -0,518447 -0,058705 
0,280993 0,632793 0,539029 

R =
1,139212 1,057153 0,758091 
0,000000 1,094695 0,285641 
0,000000 0,000000 0,534950 

PRUEBA =
1,000000 0,000000 0,000000 
0,000000 1,000000 0,000000 
0,000000 0,000000 1,000000 

Q is ortogonal
QR is A

A2 =
0,654888 0,282729 0,615346 0,704252 0,701797 
0,949778 0,093388 0,160907 0,381971 0,797948 
0,169467 0,793784 0,307228 0,823028 0,886470 
0,556302 0,716734 0,699296 0,013614 0,991876 
0,806302 0,858744 0,062503 0,514394 0,525258 

Q2 =
0,430023 -0,140653 0,558952 0,472836 -0,509211 
0,623658 -0,520575 -0,163535 0,069423 0,555418 
0,111278 0,684076 0,028067 0,558724 0,454639 
0,365288 0,356989 0,518811 -0,666486 0,160488 
0,529446 0,337368 -0,625202 -0,123414 -0,446947 

R2 =
1,522915 0,984626 0,687688 0,909965 1,538496 
0,000000 1,000205 0,310580 0,443515 0,623606 
0,000000 0,000000 0,649983 0,039741 0,472862 
0,000000 0,000000 0,000000 0,746802 0,156627 
0,000000 0,000000 0,000000 0,000000 0,413277 
b =
0,272825 0,993796 0,691104 0,386615 0,434334 
x =
0,041401 -0,368460 -1,146327 0,063324 1,440131 
Ax =
0,272825 0,993796 0,691104 0,386615 0,434334 
Ax = b
