       t     Original        Noisy      AmpFilt     FreqFilt
  0.0000       1.0000       1.1938       1.0046       1.0427
  0.0010       0.9995       1.1627       1.0038       1.0468
  0.0020       0.9981       1.0955       1.0021       1.0463
  0.0029       0.9958       1.1204       0.9994       1.0411
  0.0039       0.9925       1.0880       0.9957       1.0314
  0.0049       0.9883       0.8076       0.9912       1.0176
  0.0059       0.9831       0.7899       0.9857       1.0004
  0.0068       0.9770       0.8368       0.9792       0.9805
  0.0078       0.9700       0.8479       0.9719       0.9589
  0.0088       0.9621       1.0142       0.9636       0.9364
  0.0098       0.9533       1.1172       0.9545       0.9140
  0.0107       0.9436       0.9417       0.9444       0.8924
  0.0117       0.9330       0.8086       0.9334       0.8726
  0.0127       0.9215       0.9059       0.9216       0.8548
  0.0137       0.9092       0.7406       0.9089       0.8396
  0.0146       0.8960       1.0345       0.8953       0.8270
  0.0156       0.8819       0.9085       0.8809       0.8168
  0.0166       0.8670       0.7692       0.8657       0.8087
  0.0176       0.8514       0.6541       0.8496       0.8022
  0.0186       0.8349       1.0112       0.8328       0.7968
  0.0195       0.8176       0.6816       0.8152       0.7915
  0.0205       0.7995       0.6093       0.7968       0.7857
  0.0215       0.7807       0.8925       0.7776       0.7787
  0.0225       0.7612       0.5621       0.7577       0.7698
  0.0234       0.7410       0.8428       0.7371       0.7585
  0.0244       0.7200       0.7751       0.7159       0.7444
  0.0254       0.6984       0.7724       0.6939       0.7274
  0.0264       0.6761       0.8359       0.6713       0.7074
  0.0273       0.6532       0.6616       0.6480       0.6846
  0.0283       0.6296       0.4858       0.6242       0.6593
  0.0293       0.6055       0.6439       0.5997       0.6320
  0.0303       0.5808       0.7218       0.5747       0.6031
  0.0313       0.5556       0.6589       0.5492       0.5732
  0.0322       0.5298       0.3587       0.5231       0.5428
  0.0332       0.5035       0.5402       0.4966       0.5123
  0.0342       0.4768       0.3142       0.4695       0.4821
  0.0352       0.4496       0.6166       0.4421       0.4524
  0.0361       0.4220       0.3041       0.4142       0.4233
  0.0371       0.3940       0.3568       0.3859       0.3947
  0.0381       0.3656       0.4845       0.3573       0.3665
  0.0391       0.3369       0.5096       0.3283       0.3385
  0.0400       0.3078       0.4632       0.2990       0.3102
  0.0410       0.2785       0.2757       0.2695       0.2813
  0.0420       0.2489       0.1260       0.2397       0.2515
  0.0430       0.2191       0.3220       0.2096       0.2204
  0.0439       0.1891       0.0345       0.1794       0.1879
  0.0449       0.1589       0.0326       0.1490       0.1537
  0.0459       0.1285       0.0821       0.1184       0.1179
  0.0469       0.0980      -0.0367       0.0878       0.0807
  0.0479       0.0674       0.0587       0.0570       0.0423
  0.0488       0.0368       0.1169       0.0262       0.0032
  0.0498       0.0061      -0.1319      -0.0046      -0.0363
  0.0508      -0.0245      -0.2201      -0.0354      -0.0755
  0.0518      -0.0552      -0.0366      -0.0662      -0.1139
  0.0527      -0.0858       0.0435      -0.0969      -0.1510
  0.0537      -0.1163       0.0677      -0.1275      -0.1865
  0.0547      -0.1467      -0.2954      -0.1580      -0.2199
  0.0557      -0.1770      -0.0805      -0.1884      -0.2510
  0.0566      -0.2071      -0.3843      -0.2186      -0.2797
  0.0576      -0.2370      -0.3966      -0.2486      -0.3062
  0.0586      -0.2667      -0.3214      -0.2783      -0.3306
  0.0596      -0.2962      -0.4491      -0.3078      -0.3533
  0.0605      -0.3253      -0.2740      -0.3370      -0.3747
  0.0615      -0.3542      -0.5324      -0.3658      -0.3952
  0.0625      -0.3827      -0.5690      -0.3944      -0.4153
  0.0635      -0.4108      -0.5879      -0.4225      -0.4356
  0.0645      -0.4386      -0.3439      -0.4503      -0.4564
  0.0654      -0.4660      -0.6192      -0.4776      -0.4780
  0.0664      -0.4929      -0.3452      -0.5045      -0.5007
  0.0674      -0.5194      -0.3253      -0.5309      -0.5246
  0.0684      -0.5453      -0.3737      -0.5568      -0.5496
  0.0693      -0.5708      -0.6263      -0.5822      -0.5755
  0.0703      -0.5957      -0.4564      -0.6071      -0.6022
  0.0713      -0.6201      -0.7362      -0.6313      -0.6293
  0.0723      -0.6438      -0.8402      -0.6550      -0.6564
  0.0732      -0.6670      -0.7583      -0.6781      -0.6830
  0.0742      -0.6895      -0.6770      -0.7005      -0.7089
  0.0752      -0.7114      -0.6767      -0.7223      -0.7337
  0.0762      -0.7327      -0.8346      -0.7433      -0.7571
  0.0771      -0.7532      -0.6967      -0.7637      -0.7790
  0.0781      -0.7730      -0.7916      -0.7834      -0.7992
  0.0791      -0.7921      -0.8717      -0.8023      -0.8180
  0.0801      -0.8105      -0.7160      -0.8205      -0.8352
  0.0811      -0.8280      -1.0109      -0.8379      -0.8513
  0.0820      -0.8449      -0.8688      -0.8545      -0.8663
  0.0830      -0.8609      -0.8844      -0.8703      -0.8807
  0.0840      -0.8761      -0.7395      -0.8853      -0.8946
  0.0850      -0.8904      -1.0056      -0.8994      -0.9083
  0.0859      -0.9040      -1.0044      -0.9128      -0.9219
  0.0869      -0.9167      -0.8640      -0.9252      -0.9356
  0.0879      -0.9285      -0.7424      -0.9368      -0.9494
  0.0889      -0.9395      -1.0691      -0.9475      -0.9631
  0.0898      -0.9495      -1.0902      -0.9573      -0.9767
  0.0908      -0.9587      -1.0362      -0.9662      -0.9897
  0.0918      -0.9670      -0.9934      -0.9742      -1.0021
  0.0928      -0.9743      -0.8487      -0.9812      -1.0134
  0.0938      -0.9808      -1.0768      -0.9874      -1.0233
  0.0947      -0.9863      -1.0109      -0.9926      -1.0315
  0.0957      -0.9909      -1.1275      -0.9969      -1.0378
  0.0967      -0.9946      -0.9147      -1.0003      -1.0420
  0.0977      -0.9973      -1.0466      -1.0027      -1.0440
  0.0986      -0.9991      -1.1721      -1.0041      -1.0437
  0.0996      -0.9999      -0.9940      -1.0047      -1.0414
  0.1006      -0.9998      -1.1286      -1.0042      -1.0372
  0.1016      -0.9988      -0.9792      -1.0029      -1.0313
  0.1025      -0.9968      -1.0612      -1.0006      -1.0240
  0.1035      -0.9939      -1.0712      -0.9973      -1.0156
  0.1045      -0.9901      -0.8695      -0.9931      -1.0065
  0.1055      -0.9853      -0.9704      -0.9880      -0.9970
  0.1064      -0.9796      -0.9590      -0.9819      -0.9873
  0.1074      -0.9729      -1.0015      -0.9749      -0.9775
  0.1084      -0.9654      -0.9488      -0.9670      -0.9679
  0.1094      -0.9569      -0.9584      -0.9582      -0.9585
  0.1104      -0.9476      -0.9813      -0.9485      -0.9492
  0.1113      -0.9373      -0.8783      -0.9379      -0.9400
  0.1123      -0.9262      -1.1013      -0.9264      -0.9307
  0.1133      -0.9142      -0.9617      -0.9141      -0.9211
  0.1143      -0.9013      -0.8672      -0.9008      -0.9111
  0.1152      -0.8876      -0.8420      -0.8868      -0.9005
  0.1162      -0.8731      -0.8359      -0.8719      -0.8892
  0.1172      -0.8577      -0.9713      -0.8562      -0.8770
  0.1182      -0.8416      -0.8317      -0.8396      -0.8639
  0.1191      -0.8246      -0.6775      -0.8223      -0.8499
  0.1201      -0.8068      -0.9118      -0.8042      -0.8349
  0.1211      -0.7883      -0.9804      -0.7854      -0.8191
  0.1221      -0.7691      -0.6679      -0.7658      -0.8026
  0.1230      -0.7491      -0.8640      -0.7455      -0.7854
  0.1240      -0.7285      -0.7117      -0.7245      -0.7676
  0.1250      -0.7071      -0.5969      -0.7028      -0.7493
  0.1260      -0.6851      -0.8071      -0.6804      -0.7304
  0.1270      -0.6624      -0.8577      -0.6574      -0.7109
  0.1279      -0.6391      -0.8020      -0.6338      -0.6908
  0.1289      -0.6152      -0.6439      -0.6096      -0.6697
  0.1299      -0.5908      -0.5726      -0.5848      -0.6477
  0.1309      -0.5657      -0.6599      -0.5595      -0.6244
  0.1318      -0.5402      -0.5858      -0.5336      -0.5995
  0.1328      -0.5141      -0.3997      -0.5073      -0.5730
  0.1338      -0.4876      -0.4643      -0.4804      -0.5445
  0.1348      -0.4605      -0.4630      -0.4531      -0.5141
  0.1357      -0.4331      -0.5926      -0.4254      -0.4817
  0.1367      -0.4052      -0.5515      -0.3973      -0.4473
  0.1377      -0.3770      -0.5610      -0.3688      -0.4112
  0.1387      -0.3484      -0.2785      -0.3399      -0.3737
  0.1396      -0.3195      -0.2405      -0.3108      -0.3351
  0.1406      -0.2903      -0.4091      -0.2813      -0.2959
  0.1416      -0.2608      -0.2913      -0.2516      -0.2566
  0.1426      -0.2311      -0.1592      -0.2217      -0.2177
  0.1436      -0.2011      -0.1081      -0.1915      -0.1799
  0.1445      -0.1710      -0.1075      -0.1612      -0.1436
  0.1455      -0.1407      -0.1919      -0.1307      -0.1091
  0.1465      -0.1102      -0.1371      -0.1000      -0.0769
  0.1475      -0.0797      -0.0099      -0.0693      -0.0469
  0.1484      -0.0491       0.0807      -0.0386      -0.0194
  0.1494      -0.0184       0.0078      -0.0077       0.0059
  0.1504       0.0123       0.0057       0.0231       0.0292
  0.1514       0.0429       0.1837       0.0539       0.0509
  0.1523       0.0736      -0.0466       0.0846       0.0714
  0.1533       0.1041       0.0150       0.1153       0.0912
  0.1543       0.1346      -0.0022       0.1459       0.1110
  0.1553       0.1649       0.2833       0.1763       0.1312
  0.1563       0.1951       0.0455       0.2065       0.1524
  0.1572       0.2251       0.3310       0.2366       0.1749
  0.1582       0.2549       0.0652       0.2664       0.1989
  0.1592       0.2844       0.2214       0.2960       0.2247
  0.1602       0.3137       0.3296       0.3253       0.2522
  0.1611       0.3427       0.2770       0.3543       0.2813
  0.1621       0.3713       0.2165       0.3830       0.3118
  0.1631       0.3996       0.5800       0.4113       0.3433
  0.1641       0.4276       0.2881       0.4392       0.3753
  0.1650       0.4551       0.3597       0.4668       0.4075
  0.1660       0.4822       0.3926       0.4938       0.4394
  0.1670       0.5088       0.6381       0.5204       0.4704
  0.1680       0.5350       0.3717       0.5465       0.5004
  0.1689       0.5607       0.5658       0.5721       0.5290
  0.1699       0.5858       0.5693       0.5972       0.5560
  0.1709       0.6104       0.4808       0.6217       0.5814
  0.1719       0.6344       0.7744       0.6456       0.6053
  0.1729       0.6578       0.5259       0.6689       0.6278
  0.1738       0.6806       0.4945       0.6916       0.6492
  0.1748       0.7028       0.7412       0.7136       0.6698
  0.1758       0.7242       0.5536       0.7350       0.6898
  0.1768       0.7451       0.7372       0.7557       0.7096
  0.1777       0.7652       0.9185       0.7756       0.7294
  0.1787       0.7846       0.7461       0.7948       0.7495
  0.1797       0.8032       0.9081       0.8133       0.7697
  0.1807       0.8211       0.7560       0.8310       0.7903
  0.1816       0.8382       0.7456       0.8479       0.8110
  0.1826       0.8546       0.9997       0.8641       0.8317
  0.1836       0.8701       0.6947       0.8794       0.8519
  0.1846       0.8848       0.8498       0.8939       0.8715
  0.1855       0.8987       0.7732       0.9075       0.8898
  0.1865       0.9117       0.9153       0.9203       0.9066
  0.1875       0.9239       0.8839       0.9323       0.9215
  0.1885       0.9352       1.0143       0.9433       0.9341
  0.1895       0.9456       1.1356       0.9535       0.9443
  0.1904       0.9551       0.9030       0.9627       0.9519
  0.1914       0.9638       0.7694       0.9711       0.9570
  0.1924       0.9715       0.9044       0.9785       0.9596
  0.1934       0.9783       0.8414       0.9851       0.9600
  0.1943       0.9842       1.1311       0.9906       0.9586
  0.1953       0.9892       0.9135       0.9953       0.9559
  0.1963       0.9932       1.0847       0.9990       0.9521
  0.1973       0.9963       1.0288       1.0018       0.9480
  0.1982       0.9985       0.9572       1.0037       0.9438
  0.1992       0.9997       0.8380       1.0046       0.9401
  0.2002       1.0000       1.0438       1.0045       0.9371
  0.2012       0.9993       1.0324       1.0035       0.9351
  0.2021       0.9977       0.9223       1.0016       0.9341
  0.2031       0.9952       0.8379       0.9987       0.9342
  0.2041       0.9917       0.9148       0.9949       0.9351
  0.2051       0.9873       0.7881       0.9901       0.9367
  0.2061       0.9820       0.7937       0.9845       0.9384
  0.2070       0.9757       0.8727       0.9778       0.9400
  0.2080       0.9685       0.9933       0.9703       0.9409
  0.2090       0.9604       1.0494       0.9619       0.9405
  0.2100       0.9514       1.0098       0.9525       0.9385
  0.2109       0.9415       1.0941       0.9423       0.9345
  0.2119       0.9308       0.9796       0.9311       0.9280
  0.2129       0.9191       0.9512       0.9191       0.9188
  0.2139       0.9066       0.7876       0.9062       0.9069
  0.2148       0.8932       0.7202       0.8925       0.8922
  0.2158       0.8790       0.7791       0.8779       0.8747
  0.2168       0.8640       1.0197       0.8625       0.8548
  0.2178       0.8481       0.9437       0.8463       0.8328
  0.2188       0.8315       0.6616       0.8293       0.8089
  0.2197       0.8140       0.9209       0.8115       0.7838
  0.2207       0.7958       0.7650       0.7930       0.7577
  0.2217       0.7769       0.7344       0.7737       0.7313
  0.2227       0.7572       0.7723       0.7537       0.7050
  0.2236       0.7368       0.5724       0.7329       0.6791
  0.2246       0.7157       0.5805       0.7115       0.6541
  0.2256       0.6940       0.7010       0.6894       0.6301
  0.2266       0.6716       0.4765       0.6667       0.6075
  0.2275       0.6485       0.5155       0.6433       0.5864
  0.2285       0.6249       0.5390       0.6193       0.5666
  0.2295       0.6006       0.5385       0.5948       0.5483
  0.2305       0.5758       0.7355       0.5697       0.5312
  0.2314       0.5505       0.5451       0.5440       0.5151
  0.2324       0.5246       0.4478       0.5179       0.4997
  0.2334       0.4982       0.3592       0.4912       0.4848
  0.2344       0.4714       0.5732       0.4641       0.4699
  0.2354       0.4441       0.6268       0.4365       0.4547
  0.2363       0.4164       0.5188       0.4086       0.4387
  0.2373       0.3883       0.4899       0.3802       0.4215
  0.2383       0.3599       0.3241       0.3515       0.4028
  0.2393       0.3311       0.1939       0.3225       0.3822
  0.2402       0.3020       0.2086       0.2931       0.3595
  0.2412       0.2726       0.4079       0.2635       0.3344
  0.2422       0.2430       0.4331       0.2337       0.3066
  0.2432       0.2131       0.1448       0.2036       0.2762
  0.2441       0.1830       0.1784       0.1733       0.2432
  0.2451       0.1528       0.1096       0.1429       0.2075
  0.2461       0.1224       0.2233       0.1123       0.1695
  0.2471       0.0919       0.2740       0.0816       0.1292
  0.2480       0.0613       0.1812       0.0509       0.0873
  0.2490       0.0307      -0.1451       0.0201       0.0439
  0.2500       0.0000       0.1357      -0.0108      -0.0004
  0.2510      -0.0307       0.1062      -0.0416      -0.0450
  0.2520      -0.0613      -0.1327      -0.0723      -0.0896
  0.2529      -0.0919      -0.1605      -0.1030      -0.1334
  0.2539      -0.1224      -0.2477      -0.1336      -0.1761
  0.2549      -0.1528      -0.2772      -0.1641      -0.2172
  0.2559      -0.1830      -0.0735      -0.1945      -0.2563
  0.2568      -0.2131      -0.4060      -0.2246      -0.2931
  0.2578      -0.2430      -0.3847      -0.2545      -0.3275
  0.2588      -0.2726      -0.2789      -0.2842      -0.3594
  0.2598      -0.3020      -0.4952      -0.3136      -0.3888
  0.2607      -0.3311      -0.5011      -0.3428      -0.4158
  0.2617      -0.3599      -0.4492      -0.3716      -0.4408
  0.2627      -0.3883      -0.4373      -0.4000      -0.4639
  0.2637      -0.4164      -0.3177      -0.4281      -0.4855
  0.2646      -0.4441      -0.4862      -0.4558      -0.5060
  0.2656      -0.4714      -0.5458      -0.4830      -0.5258
  0.2666      -0.4982      -0.5271      -0.5098      -0.5453
  0.2676      -0.5246      -0.5454      -0.5362      -0.5647
  0.2686      -0.5505      -0.7062      -0.5620      -0.5843
  0.2695      -0.5758      -0.5781      -0.5873      -0.6042
  0.2705      -0.6006      -0.7465      -0.6120      -0.6246
  0.2715      -0.6249      -0.6935      -0.6361      -0.6455
  0.2725      -0.6485      -0.4811      -0.6597      -0.6667
  0.2734      -0.6716      -0.6713      -0.6826      -0.6882
  0.2744      -0.6940      -0.6600      -0.7049      -0.7097
  0.2754      -0.7157      -0.7483      -0.7265      -0.7310
  0.2764      -0.7368      -0.8534      -0.7475      -0.7518
  0.2773      -0.7572      -0.7169      -0.7677      -0.7720
  0.2783      -0.7769      -0.6689      -0.7872      -0.7912
  0.2793      -0.7958      -0.6896      -0.8060      -0.8095
  0.2803      -0.8140      -0.9912      -0.8240      -0.8267
  0.2813      -0.8315      -0.8843      -0.8413      -0.8427
  0.2822      -0.8481      -0.9583      -0.8577      -0.8576
  0.2832      -0.8640      -0.8617      -0.8734      -0.8714
  0.2842      -0.8790      -1.0563      -0.8882      -0.8844
  0.2852      -0.8932      -1.0273      -0.9022      -0.8967
  0.2861      -0.9066      -0.7148      -0.9153      -0.9085
  0.2871      -0.9191      -0.7328      -0.9276      -0.9199
  0.2881      -0.9308      -0.9046      -0.9390      -0.9311
  0.2891      -0.9415      -1.0683      -0.9495      -0.9421
  0.2900      -0.9514      -0.8562      -0.9591      -0.9530
  0.2910      -0.9604      -0.9171      -0.9679      -0.9637
  0.2920      -0.9685      -0.7980      -0.9757      -0.9741
  0.2930      -0.9757      -1.1197      -0.9826      -0.9840
  0.2939      -0.9820      -1.1054      -0.9885      -0.9932
  0.2949      -0.9873      -0.9628      -0.9936      -1.0014
  0.2959      -0.9917      -0.9527      -0.9977      -1.0083
  0.2969      -0.9952      -0.9622      -1.0008      -1.0135
  0.2979      -0.9977      -1.1603      -1.0030      -1.0168
  0.2988      -0.9993      -1.1681      -1.0043      -1.0180
  0.2998      -1.0000      -1.0702      -1.0047      -1.0170
  0.3008      -0.9997      -0.9968      -1.0040      -1.0136
  0.3018      -0.9985      -0.9229      -1.0025      -1.0079
  0.3027      -0.9963      -0.9697      -1.0000      -1.0000
  0.3037      -0.9932      -0.9117      -0.9965      -0.9901
  0.3047      -0.9892      -0.9836      -0.9922      -0.9786
  0.3057      -0.9842      -1.0229      -0.9868      -0.9658
  0.3066      -0.9783      -0.8472      -0.9806      -0.9521
  0.3076      -0.9715      -0.9307      -0.9734      -0.9379
  0.3086      -0.9638      -0.8556      -0.9654      -0.9236
  0.3096      -0.9551      -0.9291      -0.9564      -0.9095
  0.3105      -0.9456      -0.9788      -0.9465      -0.8958
  0.3115      -0.9352      -0.9849      -0.9357      -0.8829
  0.3125      -0.9239      -0.8364      -0.9240      -0.8707
  0.3135      -0.9117      -0.7278      -0.9115      -0.8593
  0.3145      -0.8987      -0.8159      -0.8981      -0.8485
  0.3154      -0.8848      -1.0639      -0.8839      -0.8381
  0.3164      -0.8701      -0.7212      -0.8688      -0.8277
  0.3174      -0.8546      -0.7786      -0.8529      -0.8172
  0.3184      -0.8382      -0.9463      -0.8362      -0.8060
  0.3193      -0.8211      -0.8873      -0.8188      -0.7938
  0.3203      -0.8032      -0.8184      -0.8005      -0.7802
  0.3213      -0.7846      -0.6315      -0.7815      -0.7650
  0.3223      -0.7652      -0.5941      -0.7618      -0.7480
  0.3232      -0.7451      -0.6426      -0.7413      -0.7290
  0.3242      -0.7242      -0.7134      -0.7202      -0.7080
  0.3252      -0.7028      -0.7419      -0.6983      -0.6852
  0.3262      -0.6806      -0.5692      -0.6759      -0.6607
  0.3271      -0.6578      -0.7341      -0.6527      -0.6347
  0.3281      -0.6344      -0.8250      -0.6290      -0.6077
  0.3291      -0.6104      -0.4820      -0.6047      -0.5801
  0.3301      -0.5858      -0.5354      -0.5798      -0.5522
  0.3311      -0.5607      -0.5578      -0.5543      -0.5245
  0.3320      -0.5350      -0.4583      -0.5284      -0.4973
  0.3330      -0.5088      -0.5324      -0.5019      -0.4708
  0.3340      -0.4822      -0.4622      -0.4750      -0.4453
  0.3350      -0.4551      -0.3835      -0.4476      -0.4208
  0.3359      -0.4276      -0.3643      -0.4198      -0.3973
  0.3369      -0.3996      -0.2789      -0.3916      -0.3747
  0.3379      -0.3713      -0.3541      -0.3630      -0.3527
  0.3389      -0.3427      -0.2380      -0.3341      -0.3309
  0.3398      -0.3137      -0.4530      -0.3049      -0.3089
  0.3408      -0.2844      -0.3389      -0.2754      -0.2863
  0.3418      -0.2549      -0.1368      -0.2456      -0.2626
  0.3428      -0.2251      -0.1779      -0.2156      -0.2374
  0.3438      -0.1951      -0.2667      -0.1854      -0.2102
  0.3447      -0.1649      -0.2719      -0.1551      -0.1809
  0.3457      -0.1346      -0.2516      -0.1245      -0.1491
  0.3467      -0.1041      -0.2321      -0.0939      -0.1149
  0.3477      -0.0736      -0.0798      -0.0632      -0.0782
  0.3486      -0.0429      -0.0393      -0.0324      -0.0394
  0.3496      -0.0123       0.0779      -0.0016       0.0013
  0.3506       0.0184       0.1754       0.0292       0.0432
  0.3516       0.0491       0.1945       0.0600       0.0859
  0.3525       0.0797       0.1771       0.0908       0.1287
  0.3535       0.1102       0.2552       0.1214       0.1708
  0.3545       0.1407       0.1905       0.1519       0.2115
  0.3555       0.1710       0.2755       0.1823       0.2502
  0.3564       0.2011       0.3252       0.2126       0.2861
  0.3574       0.2311       0.1018       0.2426       0.3188
  0.3584       0.2608       0.1055       0.2724       0.3479
  0.3594       0.2903       0.3402       0.3019       0.3731
  0.3604       0.3195       0.3269       0.3312       0.3944
  0.3613       0.3484       0.3798       0.3601       0.4119
  0.3623       0.3770       0.5568       0.3887       0.4260
  0.3633       0.4052       0.5809       0.4169       0.4370
  0.3643       0.4331       0.5970       0.4448       0.4457
  0.3652       0.4605       0.5341       0.4722       0.4528
  0.3662       0.4876       0.3986       0.4992       0.4591
  0.3672       0.5141       0.4781       0.5257       0.4654
  0.3682       0.5402       0.3515       0.5517       0.4727
  0.3691       0.5657       0.5233       0.5772       0.4818
  0.3701       0.5908       0.4189       0.6022       0.4933
  0.3711       0.6152       0.4740       0.6265       0.5079
  0.3721       0.6391       0.6264       0.6503       0.5260
  0.3730       0.6624       0.5356       0.6735       0.5478
  0.3740       0.6851       0.5243       0.6961       0.5734
  0.3750       0.7071       0.5421       0.7180       0.6026
  0.3760       0.7285       0.6524       0.7392       0.6350
  0.3770       0.7491       0.7232       0.7597       0.6702
  0.3779       0.7691       0.6869       0.7795       0.7073
  0.3789       0.7883       0.6662       0.7986       0.7457
  0.3799       0.8068       0.8462       0.8169       0.7843
  0.3809       0.8246       0.9545       0.8345       0.8225
  0.3818       0.8416       0.8473       0.8512       0.8591
  0.3828       0.8577       0.6959       0.8672       0.8936
  0.3838       0.8731       0.9665       0.8824       0.9251
  0.3848       0.8876       0.9451       0.8967       0.9531
  0.3857       0.9013       1.0807       0.9102       0.9773
  0.3867       0.9142       0.9457       0.9228       0.9974
  0.3877       0.9262       1.0963       0.9345       1.0135
  0.3887       0.9373       1.1043       0.9454       1.0255
  0.3896       0.9476       1.0867       0.9554       1.0340
  0.3906       0.9569       1.0069       0.9645       1.0393
  0.3916       0.9654       0.9379       0.9726       1.0418
  0.3926       0.9729       0.8278       0.9799       1.0423
  0.3936       0.9796       1.0328       0.9862       1.0413
  0.3945       0.9853       1.0994       0.9917       1.0392
  0.3955       0.9901       1.1283       0.9961       1.0367
  0.3965       0.9939       1.0654       0.9997       1.0342
  0.3975       0.9968       0.9613       1.0023       1.0318
  0.3984       0.9988       1.0182       1.0039       1.0297
  0.3994       0.9998       1.1718       1.0046       1.0281
  0.4004       0.9999       1.1080       1.0044       1.0268
  0.4014       0.9991       0.9816       1.0032       1.0255
  0.4023       0.9973       0.8434       1.0011       1.0242
  0.4033       0.9946       1.0566       0.9980       1.0223
  0.4043       0.9909       1.0891       0.9940       1.0196
  0.4053       0.9863       0.9445       0.9891       1.0158
  0.4063       0.9808       1.0050       0.9832       1.0106
  0.4072       0.9743       1.0801       0.9764       1.0037
  0.4082       0.9670       0.9818       0.9687       0.9949
  0.4092       0.9587       0.9394       0.9601       0.9844
  0.4102       0.9495       0.8996       0.9505       0.9720
  0.4111       0.9395       1.0924       0.9401       0.9579
  0.4121       0.9285       1.0953       0.9288       0.9422
  0.4131       0.9167       0.7272       0.9166       0.9253
  0.4141       0.9040       0.9815       0.9036       0.9074
  0.4150       0.8904       0.7161       0.8897       0.8887
  0.4160       0.8761       1.0176       0.8749       0.8696
  0.4170       0.8609       0.7431       0.8594       0.8501
  0.4180       0.8449       0.7513       0.8430       0.8305
  0.4189       0.8280       0.9223       0.8258       0.8109
  0.4199       0.8105       0.8900       0.8079       0.7912
  0.4209       0.7921       0.7860       0.7892       0.7715
  0.4219       0.7730       0.6173       0.7698       0.7517
  0.4229       0.7532       0.7716       0.7496       0.7316
  0.4238       0.7327       0.7109       0.7287       0.7111
  0.4248       0.7114       0.7977       0.7072       0.6900
  0.4258       0.6895       0.6220       0.6849       0.6683
  0.4268       0.6670       0.6869       0.6621       0.6459
  0.4277       0.6438       0.5689       0.6386       0.6228
  0.4287       0.6201       0.5168       0.6145       0.5991
  0.4297       0.5957       0.6481       0.5898       0.5747
  0.4307       0.5708       0.3804       0.5646       0.5500
  0.4316       0.5453       0.6437       0.5388       0.5251
  0.4326       0.5194       0.4253       0.5126       0.5003
  0.4336       0.4929       0.6241       0.4858       0.4756
  0.4346       0.4660       0.4134       0.4586       0.4514
  0.4355       0.4386       0.3982       0.4310       0.4278
  0.4365       0.4108       0.3871       0.4029       0.4047
  0.4375       0.3827       0.5778       0.3745       0.3821
  0.4385       0.3542       0.2535       0.3457       0.3599
  0.4395       0.3253       0.2804       0.3166       0.3379
  0.4404       0.2962       0.4219       0.2872       0.3156
  0.4414       0.2667       0.2219       0.2576       0.2928
  0.4424       0.2370       0.2233       0.2277       0.2690
  0.4434       0.2071       0.1962       0.1975       0.2436
  0.4443       0.1770       0.2741       0.1672       0.2164
  0.4453       0.1467       0.1524       0.1368       0.1870
  0.4463       0.1163      -0.0394       0.1062       0.1551
  0.4473       0.0858       0.2615       0.0755       0.1205
  0.4482       0.0552       0.1437       0.0447       0.0834
  0.4492       0.0245       0.2213       0.0139       0.0439
  0.4502      -0.0061      -0.0169      -0.0169       0.0023
  0.4512      -0.0368      -0.1788      -0.0477      -0.0409
  0.4521      -0.0674       0.0578      -0.0785      -0.0852
  0.4531      -0.0980      -0.2056      -0.1092      -0.1298
  0.4541      -0.1285      -0.2143      -0.1398      -0.1740
  0.4551      -0.1589      -0.2207      -0.1702      -0.2173
  0.4561      -0.1891      -0.1614      -0.2005      -0.2588
  0.4570      -0.2191      -0.3353      -0.2306      -0.2982
  0.4580      -0.2489      -0.4370      -0.2605      -0.3349
  0.4590      -0.2785      -0.4528      -0.2901      -0.3687
  0.4600      -0.3078      -0.5036      -0.3195      -0.3995
  0.4609      -0.3369      -0.3562      -0.3486      -0.4274
  0.4619      -0.3656      -0.4474      -0.3773      -0.4526
  0.4629      -0.3940      -0.2657      -0.4057      -0.4755
  0.4639      -0.4220      -0.4815      -0.4337      -0.4967
  0.4648      -0.4496      -0.5951      -0.4613      -0.5166
  0.4658      -0.4768      -0.4159      -0.4884      -0.5359
  0.4668      -0.5035      -0.6242      -0.5151      -0.5550
  0.4678      -0.5298      -0.5997      -0.5414      -0.5746
  0.4688      -0.5556      -0.4895      -0.5671      -0.5949
  0.4697      -0.5808      -0.6155      -0.5922      -0.6162
  0.4707      -0.6055      -0.7184      -0.6169      -0.6385
  0.4717      -0.6296      -0.8225      -0.6409      -0.6619
  0.4727      -0.6532      -0.7141      -0.6643      -0.6861
  0.4736      -0.6761      -0.5224      -0.6871      -0.7108
  0.4746      -0.6984      -0.8597      -0.7093      -0.7356
  0.4756      -0.7200      -0.6620      -0.7308      -0.7600
  0.4766      -0.7410      -0.9115      -0.7516      -0.7836
  0.4775      -0.7612      -0.6800      -0.7717      -0.8058
  0.4785      -0.7807      -0.9001      -0.7911      -0.8263
  0.4795      -0.7995      -0.9114      -0.8097      -0.8448
  0.4805      -0.8176      -0.7734      -0.8275      -0.8612
  0.4814      -0.8349      -0.7983      -0.8446      -0.8755
  0.4824      -0.8514      -0.9514      -0.8609      -0.8878
  0.4834      -0.8670      -1.0039      -0.8764      -0.8984
  0.4844      -0.8819      -0.7304      -0.8911      -0.9075
  0.4854      -0.8960      -0.7228      -0.9049      -0.9157
  0.4863      -0.9092      -1.0956      -0.9178      -0.9233
  0.4873      -0.9215      -0.9045      -0.9299      -0.9307
  0.4883      -0.9330      -1.1237      -0.9412      -0.9384
  0.4893      -0.9436      -0.8117      -0.9515      -0.9467
  0.4902      -0.9533      -1.0609      -0.9609      -0.9556
  0.4912      -0.9621      -0.7789      -0.9695      -0.9652
  0.4922      -0.9700      -1.0964      -0.9771      -0.9755
  0.4932      -0.9770      -1.0262      -0.9838      -0.9861
  0.4941      -0.9831      -1.0380      -0.9896      -0.9968
  0.4951      -0.9883      -1.1512      -0.9945      -1.0071
  0.4961      -0.9925      -0.9344      -0.9984      -1.0165
  0.4971      -0.9958      -1.1473      -1.0013      -1.0245
  0.4980      -0.9981      -0.9556      -1.0034      -1.0307
  0.4990      -0.9995      -0.8547      -1.0045      -1.0347
  0.5000      -1.0000      -0.8351      -1.0046      -1.0362
  0.5010      -0.9995      -0.9539      -1.0038      -1.0351
  0.5020      -0.9981      -1.1757      -1.0021      -1.0313
  0.5029      -0.9958      -0.9644      -0.9994      -1.0250
  0.5039      -0.9925      -1.0903      -0.9957      -1.0165
  0.5049      -0.9883      -1.1374      -0.9912      -1.0061
  0.5059      -0.9831      -0.9970      -0.9857      -0.9942
  0.5068      -0.9770      -1.0384      -0.9792      -0.9814
  0.5078      -0.9700      -1.0944      -0.9719      -0.9680
  0.5088      -0.9621      -0.8819      -0.9636      -0.9547
  0.5098      -0.9533      -0.9551      -0.9545      -0.9416
  0.5107      -0.9436      -0.9410      -0.9444      -0.9290
  0.5117      -0.9330      -0.8017      -0.9334      -0.9172
  0.5127      -0.9215      -0.7840      -0.9216      -0.9059
  0.5137      -0.9092      -0.9491      -0.9089      -0.8952
  0.5146      -0.8960      -0.7519      -0.8953      -0.8846
  0.5156      -0.8819      -1.0637      -0.8809      -0.8740
  0.5166      -0.8670      -0.8019      -0.8657      -0.8627
  0.5176      -0.8514      -0.8624      -0.8496      -0.8505
  0.5186      -0.8349      -0.9535      -0.8328      -0.8368
  0.5195      -0.8176      -0.7702      -0.8152      -0.8213
  0.5205      -0.7995      -0.7372      -0.7968      -0.8038
  0.5215      -0.7807      -0.8599      -0.7776      -0.7841
  0.5225      -0.7612      -0.6271      -0.7577      -0.7621
  0.5234      -0.7410      -0.8680      -0.7371      -0.7380
  0.5244      -0.7200      -0.8161      -0.7159      -0.7120
  0.5254      -0.6984      -0.5648      -0.6939      -0.6845
  0.5264      -0.6761      -0.4878      -0.6713      -0.6558
  0.5273      -0.6532      -0.6446      -0.6480      -0.6264
  0.5283      -0.6296      -0.8281      -0.6242      -0.5968
  0.5293      -0.6055      -0.4056      -0.5997      -0.5674
  0.5303      -0.5808      -0.3999      -0.5747      -0.5386
  0.5313      -0.5556      -0.7169      -0.5492      -0.5107
  0.5322      -0.5298      -0.5939      -0.5231      -0.4839
  0.5332      -0.5035      -0.5803      -0.4966      -0.4582
  0.5342      -0.4768      -0.2782      -0.4695      -0.4335
  0.5352      -0.4496      -0.4354      -0.4421      -0.4097
  0.5361      -0.4220      -0.3534      -0.4142      -0.3866
  0.5371      -0.3940      -0.2330      -0.3859      -0.3638
  0.5381      -0.3656      -0.2649      -0.3573      -0.3410
  0.5391      -0.3369      -0.3498      -0.3283      -0.3180
  0.5400      -0.3078      -0.2330      -0.2990      -0.2943
  0.5410      -0.2785      -0.3371      -0.2695      -0.2697
  0.5420      -0.2489      -0.3199      -0.2397      -0.2443
  0.5430      -0.2191      -0.2854      -0.2096      -0.2178
  0.5439      -0.1891      -0.0993      -0.1794      -0.1904
  0.5449      -0.1589      -0.3069      -0.1490      -0.1621
  0.5459      -0.1285      -0.1925      -0.1184      -0.1333
  0.5469      -0.0980       0.0927      -0.0878      -0.1040
  0.5479      -0.0674      -0.0664      -0.0570      -0.0746
  0.5488      -0.0368      -0.2179      -0.0262      -0.0453
  0.5498      -0.0061       0.1868       0.0046      -0.0163
  0.5508       0.0245       0.0841       0.0354       0.0123
  0.5518       0.0552       0.0164       0.0662       0.0405
  0.5527       0.0858      -0.0168       0.0969       0.0684
  0.5537       0.1163       0.0189       0.1275       0.0960
  0.5547       0.1467       0.0715       0.1580       0.1236
  0.5557       0.1770       0.0653       0.1884       0.1515
  0.5566       0.2071       0.1656       0.2186       0.1799
  0.5576       0.2370       0.4353       0.2486       0.2092
  0.5586       0.2667       0.1840       0.2783       0.2397
  0.5596       0.2962       0.2940       0.3078       0.2714
  0.5605       0.3253       0.4554       0.3370       0.3045
  0.5615       0.3542       0.2282       0.3658       0.3388
  0.5625       0.3827       0.4629       0.3944       0.3743
  0.5635       0.4108       0.4282       0.4225       0.4106
  0.5645       0.4386       0.4026       0.4503       0.4472
  0.5654       0.4660       0.4614       0.4776       0.4837
  0.5664       0.4929       0.5072       0.5045       0.5195
  0.5674       0.5194       0.4809       0.5309       0.5540
  0.5684       0.5453       0.4752       0.5568       0.5866
  0.5693       0.5708       0.5204       0.5822       0.6168
  0.5703       0.5957       0.6998       0.6071       0.6443
  0.5713       0.6201       0.7083       0.6313       0.6688
  0.5723       0.6438       0.7381       0.6550       0.6901
  0.5732       0.6670       0.8395       0.6781       0.7085
  0.5742       0.6895       0.6104       0.7005       0.7241
  0.5752       0.7114       0.9032       0.7223       0.7374
  0.5762       0.7327       0.7331       0.7433       0.7488
  0.5771       0.7532       0.7363       0.7637       0.7589
  0.5781       0.7730       0.6249       0.7834       0.7684
  0.5791       0.7921       0.7896       0.8023       0.7779
  0.5801       0.8105       1.0080       0.8205       0.7880
  0.5811       0.8280       0.6356       0.8379       0.7990
  0.5820       0.8449       1.0275       0.8545       0.8114
  0.5830       0.8609       0.6678       0.8703       0.8254
  0.5840       0.8761       0.7974       0.8853       0.8408
  0.5850       0.8904       0.9679       0.8994       0.8577
  0.5859       0.9040       0.7424       0.9128       0.8756
  0.5869       0.9167       0.7373       0.9252       0.8943
  0.5879       0.9285       1.0022       0.9368       0.9131
  0.5889       0.9395       0.8654       0.9475       0.9316
  0.5898       0.9495       0.8597       0.9573       0.9493
  0.5908       0.9587       1.1214       0.9662       0.9657
  0.5918       0.9670       0.9504       0.9742       0.9805
  0.5928       0.9743       1.1636       0.9812       0.9933
  0.5938       0.9808       1.1256       0.9874       1.0041
  0.5947       0.9863       0.8537       0.9926       1.0128
  0.5957       0.9909       1.0397       0.9969       1.0196
  0.5967       0.9946       1.1109       1.0003       1.0246
  0.5977       0.9973       0.9231       1.0027       1.0282
  0.5986       0.9991       1.0556       1.0041       1.0306
  0.5996       0.9999       1.1217       1.0047       1.0323
  0.6006       0.9998       1.0290       1.0042       1.0335
  0.6016       0.9988       0.8700       1.0029       1.0345
  0.6025       0.9968       1.0661       1.0006       1.0352
  0.6035       0.9939       0.8827       0.9973       1.0358
  0.6045       0.9901       1.1613       0.9931       1.0361
  0.6055       0.9853       1.0522       0.9880       1.0359
  0.6064       0.9796       0.9045       0.9819       1.0347
  0.6074       0.9729       1.1547       0.9749       1.0323
  0.6084       0.9654       0.8984       0.9670       1.0281
  0.6094       0.9569       1.0447       0.9582       1.0218
  0.6104       0.9476       1.1229       0.9485       1.0129
  0.6113       0.9373       1.0837       0.9379       1.0012
  0.6123       0.9262       1.0460       0.9264       0.9864
  0.6133       0.9142       0.9145       0.9141       0.9686
  0.6143       0.9013       1.0239       0.9008       0.9479
  0.6152       0.8876       0.7790       0.8868       0.9246
  0.6162       0.8731       0.9464       0.8719       0.8990
  0.6172       0.8577       0.7538       0.8562       0.8717
  0.6182       0.8416       0.9281       0.8396       0.8433
  0.6191       0.8246       0.7816       0.8223       0.8143
  0.6201       0.8068       0.8005       0.8042       0.7855
  0.6211       0.7883       0.8762       0.7854       0.7574
  0.6221       0.7691       0.5730       0.7658       0.7303
  0.6230       0.7491       0.5886       0.7455       0.7047
  0.6240       0.7285       0.8699       0.7245       0.6806
  0.6250       0.7071       0.6120       0.7028       0.6581
  0.6260       0.6851       0.7901       0.6804       0.6371
  0.6270       0.6624       0.4901       0.6574       0.6173
  0.6279       0.6391       0.4927       0.6338       0.5981
  0.6289       0.6152       0.5582       0.6096       0.5793
  0.6299       0.5908       0.6749       0.5848       0.5603
  0.6309       0.5657       0.4231       0.5595       0.5406
  0.6318       0.5402       0.5356       0.5336       0.5197
  0.6328       0.5141       0.5899       0.5073       0.4973
  0.6338       0.4876       0.4559       0.4804       0.4733
  0.6348       0.4605       0.5968       0.4531       0.4474
  0.6357       0.4331       0.3465       0.4254       0.4198
  0.6367       0.4052       0.5234       0.3973       0.3907
  0.6377       0.3770       0.3271       0.3688       0.3602
  0.6387       0.3484       0.1590       0.3399       0.3289
  0.6396       0.3195       0.4330       0.3108       0.2970
  0.6406       0.2903       0.1292       0.2813       0.2651
  0.6416       0.2608       0.2015       0.2516       0.2336
  0.6426       0.2311       0.2692       0.2217       0.2028
  0.6436       0.2011       0.1359       0.1915       0.1729
  0.6445       0.1710      -0.0127       0.1612       0.1440
  0.6455       0.1407       0.2043       0.1307       0.1163
  0.6465       0.1102       0.0992       0.1000       0.0897
  0.6475       0.0797      -0.0981       0.0693       0.0638
  0.6484       0.0491       0.2251       0.0386       0.0385
  0.6494       0.0184       0.1939       0.0077       0.0135
  0.6504      -0.0123       0.0080      -0.0231      -0.0115
  0.6514      -0.0429      -0.0036      -0.0539      -0.0370
  0.6523      -0.0736      -0.1740      -0.0846      -0.0630
  0.6533      -0.1041      -0.1761      -0.1153      -0.0899
  0.6543      -0.1346       0.0068      -0.1459      -0.1176
  0.6553      -0.1649      -0.2976      -0.1763      -0.1461
  0.6563      -0.1951      -0.1653      -0.2065      -0.1753
  0.6572      -0.2251      -0.2777      -0.2366      -0.2050
  0.6582      -0.2549      -0.1885      -0.2664      -0.2349
  0.6592      -0.2844      -0.1225      -0.2960      -0.2647
  0.6602      -0.3137      -0.4165      -0.3253      -0.2940
  0.6611      -0.3427      -0.2145      -0.3543      -0.3225
  0.6621      -0.3713      -0.1812      -0.3830      -0.3501
  0.6631      -0.3996      -0.5960      -0.4113      -0.3766
  0.6641      -0.4276      -0.3095      -0.4392      -0.4018
  0.6650      -0.4551      -0.5041      -0.4668      -0.4260
  0.6660      -0.4822      -0.6382      -0.4938      -0.4492
  0.6670      -0.5088      -0.6768      -0.5204      -0.4719
  0.6680      -0.5350      -0.3487      -0.5465      -0.4942
  0.6689      -0.5607      -0.3827      -0.5721      -0.5167
  0.6699      -0.5858      -0.4307      -0.5972      -0.5397
  0.6709      -0.6104      -0.4644      -0.6217      -0.5636
  0.6719      -0.6344      -0.5585      -0.6456      -0.5886
  0.6729      -0.6578      -0.6143      -0.6689      -0.6150
  0.6738      -0.6806      -0.7258      -0.6916      -0.6427
  0.6748      -0.7028      -0.7556      -0.7136      -0.6717
  0.6758      -0.7242      -0.7584      -0.7350      -0.7018
  0.6768      -0.7451      -0.6404      -0.7557      -0.7326
  0.6777      -0.7652      -0.6401      -0.7756      -0.7636
  0.6787      -0.7846      -0.7433      -0.7948      -0.7942
  0.6797      -0.8032      -0.8872      -0.8133      -0.8238
  0.6807      -0.8211      -1.0156      -0.8310      -0.8518
  0.6816      -0.8382      -0.9607      -0.8479      -0.8778
  0.6826      -0.8546      -0.8871      -0.8641      -0.9011
  0.6836      -0.8701      -1.0062      -0.8794      -0.9214
  0.6846      -0.8848      -0.8668      -0.8939      -0.9386
  0.6855      -0.8987      -1.0029      -0.9075      -0.9526
  0.6865      -0.9117      -0.9639      -0.9203      -0.9634
  0.6875      -0.9239      -0.8970      -0.9323      -0.9713
  0.6885      -0.9352      -0.8662      -0.9433      -0.9767
  0.6895      -0.9456      -0.8620      -0.9535      -0.9801
  0.6904      -0.9551      -0.9843      -0.9627      -0.9818
  0.6914      -0.9638      -0.8801      -0.9711      -0.9823
  0.6924      -0.9715      -1.1228      -0.9785      -0.9823
  0.6934      -0.9783      -0.9620      -0.9851      -0.9819
  0.6943      -0.9842      -1.0735      -0.9906      -0.9815
  0.6953      -0.9892      -1.0386      -0.9953      -0.9813
  0.6963      -0.9932      -0.9587      -0.9990      -0.9812
  0.6973      -0.9963      -0.9795      -1.0018      -0.9813
  0.6982      -0.9985      -0.9331      -1.0037      -0.9814
  0.6992      -0.9997      -0.9801      -1.0046      -0.9811
  0.7002      -1.0000      -1.0430      -1.0045      -0.9803
  0.7012      -0.9993      -1.1634      -1.0035      -0.9787
  0.7021      -0.9977      -0.7997      -1.0016      -0.9759
  0.7031      -0.9952      -1.1748      -0.9987      -0.9719
  0.7041      -0.9917      -0.9174      -0.9949      -0.9664
  0.7051      -0.9873      -0.8239      -0.9901      -0.9596
  0.7061      -0.9820      -0.9258      -0.9845      -0.9516
  0.7070      -0.9757      -0.8025      -0.9778      -0.9426
  0.7080      -0.9685      -0.9742      -0.9703      -0.9329
  0.7090      -0.9604      -0.8589      -0.9619      -0.9228
  0.7100      -0.9514      -0.8263      -0.9525      -0.9128
  0.7109      -0.9415      -0.9193      -0.9423      -0.9033
  0.7119      -0.9308      -1.1057      -0.9311      -0.8945
  0.7129      -0.9191      -0.8733      -0.9191      -0.8867
  0.7139      -0.9066      -1.0149      -0.9062      -0.8799
  0.7148      -0.8932      -0.8426      -0.8925      -0.8742
  0.7158      -0.8790      -0.8563      -0.8779      -0.8693
  0.7168      -0.8640      -0.7242      -0.8625      -0.8650
  0.7178      -0.8481      -0.9481      -0.8463      -0.8606
  0.7188      -0.8315      -0.9763      -0.8293      -0.8557
  0.7197      -0.8140      -0.7178      -0.8115      -0.8496
  0.7207      -0.7958      -0.7907      -0.7930      -0.8418
  0.7217      -0.7769      -0.8596      -0.7737      -0.8317
  0.7227      -0.7572      -0.8629      -0.7537      -0.8187
  0.7236      -0.7368      -0.7525      -0.7329      -0.8024
  0.7246      -0.7157      -0.8535      -0.7115      -0.7828
  0.7256      -0.6940      -0.6667      -0.6894      -0.7597
  0.7266      -0.6716      -0.8444      -0.6667      -0.7333
  0.7275      -0.6485      -0.8044      -0.6433      -0.7039
  0.7285      -0.6249      -0.4283      -0.6193      -0.6719
  0.7295      -0.6006      -0.4693      -0.5948      -0.6380
  0.7305      -0.5758      -0.6879      -0.5697      -0.6028
  0.7314      -0.5505      -0.6907      -0.5440      -0.5669
  0.7324      -0.5246      -0.7029      -0.5179      -0.5310
  0.7334      -0.4982      -0.3391      -0.4912      -0.4955
  0.7344      -0.4714      -0.3018      -0.4641      -0.4610
  0.7354      -0.4441      -0.5647      -0.4365      -0.4277
  0.7363      -0.4164      -0.4694      -0.4086      -0.3956
  0.7373      -0.3883      -0.3988      -0.3802      -0.3648
  0.7383      -0.3599      -0.3053      -0.3515      -0.3350
  0.7393      -0.3311      -0.2914      -0.3225      -0.3059
  0.7402      -0.3020      -0.3275      -0.2931      -0.2770
  0.7412      -0.2726      -0.4400      -0.2635      -0.2479
  0.7422      -0.2430      -0.0755      -0.2337      -0.2182
  0.7432      -0.2131      -0.0546      -0.2036      -0.1873
  0.7441      -0.1830      -0.0345      -0.1733      -0.1551
  0.7451      -0.1528      -0.0942      -0.1429      -0.1214
  0.7461      -0.1224      -0.1196      -0.1123      -0.0861
  0.7471      -0.0919      -0.1673      -0.0816      -0.0495
  0.7480      -0.0613      -0.0012      -0.0509      -0.0119
  0.7490      -0.0307       0.0972      -0.0201       0.0264
  0.7500       0.0000       0.0946       0.0108       0.0646
  0.7510       0.0307      -0.0525       0.0416       0.1022
  0.7520       0.0613       0.0715       0.0723       0.1387
  0.7529       0.0919       0.2153       0.1030       0.1733
  0.7539       0.1224       0.2743       0.1336       0.2056
  0.7549       0.1528       0.2714       0.1641       0.2352
  0.7559       0.1830       0.2868       0.1945       0.2621
  0.7568       0.2131       0.2492       0.2246       0.2861
  0.7578       0.2430       0.2550       0.2545       0.3075
  0.7588       0.2726       0.2088       0.2842       0.3266
  0.7598       0.3020       0.3310       0.3136       0.3439
  0.7607       0.3311       0.4603       0.3428       0.3600
  0.7617       0.3599       0.3576       0.3716       0.3756
  0.7627       0.3883       0.5585       0.4000       0.3914
  0.7637       0.4164       0.4536       0.4281       0.4078
  0.7646       0.4441       0.4067       0.4558       0.4255
  0.7656       0.4714       0.2748       0.4830       0.4448
  0.7666       0.4982       0.5850       0.5098       0.4659
  0.7676       0.5246       0.4466       0.5362       0.4888
  0.7686       0.5505       0.5217       0.5620       0.5133
  0.7695       0.5758       0.4515       0.5873       0.5391
  0.7705       0.6006       0.5509       0.6120       0.5657
  0.7715       0.6249       0.6702       0.6361       0.5926
  0.7725       0.6485       0.6640       0.6597       0.6192
  0.7734       0.6716       0.5933       0.6826       0.6450
  0.7744       0.6940       0.6664       0.7049       0.6694
  0.7754       0.7157       0.6655       0.7265       0.6921
  0.7764       0.7368       0.6726       0.7475       0.7128
  0.7773       0.7572       0.7930       0.7677       0.7314
  0.7783       0.7769       0.7806       0.7872       0.7481
  0.7793       0.7958       0.6202       0.8060       0.7631
  0.7803       0.8140       0.9166       0.8240       0.7767
  0.7813       0.8315       0.8155       0.8413       0.7894
  0.7822       0.8481       0.7168       0.8577       0.8019
  0.7832       0.8640       0.7007       0.8734       0.8145
  0.7842       0.8790       1.0501       0.8882       0.8278
  0.7852       0.8932       0.9427       0.9022       0.8421
  0.7861       0.9066       0.8049       0.9153       0.8577
  0.7871       0.9191       0.7264       0.9276       0.8745
  0.7881       0.9308       0.7818       0.9390       0.8925
  0.7891       0.9415       0.9173       0.9495       0.9114
  0.7900       0.9514       1.0623       0.9591       0.9307
  0.7910       0.9604       1.1379       0.9679       0.9497
  0.7920       0.9685       0.8870       0.9757       0.9679
  0.7930       0.9757       0.7864       0.9826       0.9845
  0.7939       0.9820       1.0273       0.9885       0.9988
  0.7949       0.9873       1.0222       0.9936       1.0103
  0.7959       0.9917       1.1891       0.9977       1.0185
  0.7969       0.9952       0.9165       1.0008       1.0231
  0.7979       0.9977       0.9837       1.0030       1.0241
  0.7988       0.9993       1.0545       1.0043       1.0215
  0.7998       1.0000       1.1161       1.0047       1.0158
  0.8008       0.9997       0.8023       1.0040       1.0074
  0.8018       0.9985       0.8874       1.0025       0.9969
  0.8027       0.9963       1.0485       1.0000       0.9851
  0.8037       0.9932       0.9375       0.9965       0.9727
  0.8047       0.9892       1.0606       0.9922       0.9605
  0.8057       0.9842       1.1789       0.9868       0.9492
  0.8066       0.9783       0.9800       0.9806       0.9391
  0.8076       0.9715       0.9509       0.9734       0.9307
  0.8086       0.9638       0.9326       0.9654       0.9241
  0.8096       0.9551       0.9231       0.9564       0.9193
  0.8105       0.9456       0.7460       0.9465       0.9158
  0.8115       0.9352       0.7436       0.9357       0.9135
  0.8125       0.9239       0.8356       0.9240       0.9115
  0.8135       0.9117       1.0381       0.9115       0.9093
  0.8145       0.8987       0.8438       0.8981       0.9062
  0.8154       0.8848       0.8139       0.8839       0.9015
  0.8164       0.8701       1.0035       0.8688       0.8946
  0.8174       0.8546       0.9206       0.8529       0.8851
  0.8184       0.8382       0.9513       0.8362       0.8725
  0.8193       0.8211       0.9262       0.8188       0.8569
  0.8203       0.8032       0.8827       0.8005       0.8382
  0.8213       0.7846       0.6556       0.7815       0.8166
  0.8223       0.7652       0.9606       0.7618       0.7926
  0.8232       0.7451       0.7099       0.7413       0.7667
  0.8242       0.7242       0.6971       0.7202       0.7393
  0.8252       0.7028       0.6296       0.6983       0.7111
  0.8262       0.6806       0.6854       0.6759       0.6828
  0.8271       0.6578       0.7342       0.6527       0.6546
  0.8281       0.6344       0.7720       0.6290       0.6271
  0.8291       0.6104       0.5628       0.6047       0.6004
  0.8301       0.5858       0.4003       0.5798       0.5747
  0.8311       0.5607       0.4104       0.5543       0.5499
  0.8320       0.5350       0.6835       0.5284       0.5258
  0.8330       0.5088       0.4171       0.5019       0.5021
  0.8340       0.4822       0.5821       0.4750       0.4785
  0.8350       0.4551       0.3502       0.4476       0.4544
  0.8359       0.4276       0.4440       0.4198       0.4295
  0.8369       0.3996       0.4920       0.3916       0.4034
  0.8379       0.3713       0.2710       0.3630       0.3760
  0.8389       0.3427       0.3974       0.3341       0.3469
  0.8398       0.3137       0.4103       0.3049       0.3163
  0.8408       0.2844       0.3123       0.2754       0.2841
  0.8418       0.2549       0.3371       0.2456       0.2508
  0.8428       0.2251       0.0329       0.2156       0.2166
  0.8438       0.1951       0.3056       0.1854       0.1819
  0.8447       0.1649       0.3340       0.1551       0.1472
  0.8457       0.1346      -0.0587       0.1245       0.1130
  0.8467       0.1041      -0.0116       0.0939       0.0796
  0.8477       0.0736      -0.0263       0.0632       0.0474
  0.8486       0.0429      -0.0513       0.0324       0.0165
  0.8496       0.0123      -0.1238       0.0016      -0.0129
  0.8506      -0.0184       0.0368      -0.0292      -0.0410
  0.8516      -0.0491       0.0239      -0.0600      -0.0680
  0.8525      -0.0797       0.0704      -0.0908      -0.0942
  0.8535      -0.1102      -0.2736      -0.1214      -0.1200
  0.8545      -0.1407      -0.0091      -0.1519      -0.1460
  0.8555      -0.1710      -0.2776      -0.1823      -0.1727
  0.8564      -0.2011      -0.3137      -0.2126      -0.2004
  0.8574      -0.2311      -0.0596      -0.2426      -0.2297
  0.8584      -0.2608      -0.3162      -0.2724      -0.2607
  0.8594      -0.2903      -0.3003      -0.3019      -0.2936
  0.8604      -0.3195      -0.1942      -0.3312      -0.3283
  0.8613      -0.3484      -0.3066      -0.3601      -0.3647
  0.8623      -0.3770      -0.5606      -0.3887      -0.4024
  0.8633      -0.4052      -0.4518      -0.4169      -0.4409
  0.8643      -0.4331      -0.2825      -0.4448      -0.4796
  0.8652      -0.4605      -0.6007      -0.4722      -0.5178
  0.8662      -0.4876      -0.6841      -0.4992      -0.5550
  0.8672      -0.5141      -0.6876      -0.5257      -0.5905
  0.8682      -0.5402      -0.6901      -0.5517      -0.6237
  0.8691      -0.5657      -0.4531      -0.5772      -0.6542
  0.8701      -0.5908      -0.7497      -0.6022      -0.6816
  0.8711      -0.6152      -0.6488      -0.6265      -0.7059
  0.8721      -0.6391      -0.7809      -0.6503      -0.7271
  0.8730      -0.6624      -0.8540      -0.6735      -0.7452
  0.8740      -0.6851      -0.8335      -0.6961      -0.7607
  0.8750      -0.7071      -0.7183      -0.7180      -0.7738
  0.8760      -0.7285      -0.5408      -0.7392      -0.7852
  0.8770      -0.7491      -0.6949      -0.7597      -0.7952
  0.8779      -0.7691      -0.7653      -0.7795      -0.8044
  0.8789      -0.7883      -0.8682      -0.7986      -0.8132
  0.8799      -0.8068      -0.8863      -0.8169      -0.8220
  0.8809      -0.8246      -0.8484      -0.8345      -0.8311
  0.8818      -0.8416      -0.8098      -0.8512      -0.8406
  0.8828      -0.8577      -0.9692      -0.8672      -0.8505
  0.8838      -0.8731      -0.9138      -0.8824      -0.8608
  0.8848      -0.8876      -0.9108      -0.8967      -0.8714
  0.8857      -0.9013      -0.7030      -0.9102      -0.8821
  0.8867      -0.9142      -1.0426      -0.9228      -0.8927
  0.8877      -0.9262      -0.7579      -0.9345      -0.9029
  0.8887      -0.9373      -1.1356      -0.9454      -0.9125
  0.8896      -0.9476      -1.0186      -0.9554      -0.9214
  0.8906      -0.9569      -0.8360      -0.9645      -0.9296
  0.8916      -0.9654      -0.8103      -0.9726      -0.9369
  0.8926      -0.9729      -1.1081      -0.9799      -0.9436
  0.8936      -0.9796      -0.8082      -0.9862      -0.9496
  0.8945      -0.9853      -0.7992      -0.9917      -0.9554
  0.8955      -0.9901      -0.9242      -0.9961      -0.9609
  0.8965      -0.9939      -0.9395      -0.9997      -0.9666
  0.8975      -0.9968      -0.8369      -1.0023      -0.9724
  0.8984      -0.9988      -0.8896      -1.0039      -0.9786
  0.8994      -0.9998      -1.1966      -1.0046      -0.9852
  0.9004      -0.9999      -1.1422      -1.0044      -0.9921
  0.9014      -0.9991      -1.1490      -1.0032      -0.9992
  0.9023      -0.9973      -1.0042      -1.0011      -1.0061
  0.9033      -0.9946      -1.1717      -0.9980      -1.0125
  0.9043      -0.9909      -1.1021      -0.9940      -1.0180
  0.9053      -0.9863      -0.9716      -0.9891      -1.0221
  0.9063      -0.9808      -0.8391      -0.9832      -1.0244
  0.9072      -0.9743      -0.7893      -0.9764      -1.0244
  0.9082      -0.9670      -1.0242      -0.9687      -1.0217
  0.9092      -0.9587      -1.0530      -0.9601      -1.0161
  0.9102      -0.9495      -0.9164      -0.9505      -1.0075
  0.9111      -0.9395      -0.9718      -0.9401      -0.9958
  0.9121      -0.9285      -1.1041      -0.9288      -0.9812
  0.9131      -0.9167      -1.0472      -0.9166      -0.9641
  0.9141      -0.9040      -0.9549      -0.9036      -0.9447
  0.9150      -0.8904      -1.0804      -0.8897      -0.9237
  0.9160      -0.8761      -0.7482      -0.8749      -0.9015
  0.9170      -0.8609      -0.6667      -0.8594      -0.8789
  0.9180      -0.8449      -0.8711      -0.8430      -0.8563
  0.9189      -0.8280      -0.9665      -0.8258      -0.8343
  0.9199      -0.8105      -0.6786      -0.8079      -0.8132
  0.9209      -0.7921      -0.9339      -0.7892      -0.7935
  0.9219      -0.7730      -0.9247      -0.7698      -0.7751
  0.9229      -0.7532      -0.7695      -0.7496      -0.7581
  0.9238      -0.7327      -0.8125      -0.7287      -0.7423
  0.9248      -0.7114      -0.7002      -0.7072      -0.7273
  0.9258      -0.6895      -0.4961      -0.6849      -0.7129
  0.9268      -0.6670      -0.8299      -0.6621      -0.6983
  0.9277      -0.6438      -0.7783      -0.6386      -0.6832
  0.9287      -0.6201      -0.4971      -0.6145      -0.6669
  0.9297      -0.5957      -0.6624      -0.5898      -0.6488
  0.9307      -0.5708      -0.4765      -0.5646      -0.6286
  0.9316      -0.5453      -0.4507      -0.5388      -0.6059
  0.9326      -0.5194      -0.6024      -0.5126      -0.5805
  0.9336      -0.4929      -0.6302      -0.4858      -0.5522
  0.9346      -0.4660      -0.5399      -0.4586      -0.5212
  0.9355      -0.4386      -0.6000      -0.4310      -0.4876
  0.9365      -0.4108      -0.5452      -0.4029      -0.4517
  0.9375      -0.3827      -0.5123      -0.3745      -0.4140
  0.9385      -0.3542      -0.1921      -0.3457      -0.3748
  0.9395      -0.3253      -0.4686      -0.3166      -0.3347
  0.9404      -0.2962      -0.4096      -0.2872      -0.2942
  0.9414      -0.2667      -0.2412      -0.2576      -0.2538
  0.9424      -0.2370      -0.1410      -0.2277      -0.2139
  0.9434      -0.2071      -0.1113      -0.1975      -0.1748
  0.9443      -0.1770      -0.2238      -0.1672      -0.1369
  0.9453      -0.1467      -0.0160      -0.1368      -0.1002
  0.9463      -0.1163       0.0791      -0.1062      -0.0650
  0.9473      -0.0858      -0.0636      -0.0755      -0.0312
  0.9482      -0.0552       0.1208      -0.0447       0.0013
  0.9492      -0.0245       0.1134      -0.0139       0.0325
  0.9502       0.0061       0.0663       0.0169       0.0626
  0.9512       0.0368       0.0230       0.0477       0.0918
  0.9521       0.0674       0.1151       0.0785       0.1202
  0.9531       0.0980      -0.0306       0.1092       0.1479
  0.9541       0.1285       0.3281       0.1398       0.1753
  0.9551       0.1589      -0.0393       0.1702       0.2023
  0.9561       0.1891      -0.0015       0.2005       0.2291
  0.9570       0.2191       0.3218       0.2306       0.2558
  0.9580       0.2489       0.3265       0.2605       0.2825
  0.9590       0.2785       0.2998       0.2901       0.3092
  0.9600       0.3078       0.4125       0.3195       0.3362
  0.9609       0.3369       0.4564       0.3486       0.3633
  0.9619       0.3656       0.3855       0.3773       0.3907
  0.9629       0.3940       0.5664       0.4057       0.4185
  0.9639       0.4220       0.5608       0.4337       0.4466
  0.9648       0.4496       0.5226       0.4613       0.4751
  0.9658       0.4768       0.5843       0.4884       0.5040
  0.9668       0.5035       0.3102       0.5151       0.5332
  0.9678       0.5298       0.3529       0.5414       0.5625
  0.9688       0.5556       0.7270       0.5671       0.5918
  0.9697       0.5808       0.6430       0.5922       0.6210
  0.9707       0.6055       0.7293       0.6169       0.6495
  0.9717       0.6296       0.6413       0.6409       0.6772
  0.9727       0.6532       0.4580       0.6643       0.7037
  0.9736       0.6761       0.7213       0.6871       0.7285
  0.9746       0.6984       0.7310       0.7093       0.7512
  0.9756       0.7200       0.6723       0.7308       0.7717
  0.9766       0.7410       0.8288       0.7516       0.7895
  0.9775       0.7612       0.9281       0.7717       0.8046
  0.9785       0.7807       0.8613       0.7911       0.8168
  0.9795       0.7995       0.9976       0.8097       0.8263
  0.9805       0.8176       0.8324       0.8275       0.8333
  0.9814       0.8349       0.7243       0.8446       0.8382
  0.9824       0.8514       1.0364       0.8609       0.8414
  0.9834       0.8670       0.9402       0.8764       0.8436
  0.9844       0.8819       0.7901       0.8911       0.8453
  0.9854       0.8960       0.7429       0.9049       0.8474
  0.9863       0.9092       0.7547       0.9178       0.8504
  0.9873       0.9215       0.7847       0.9299       0.8550
  0.9883       0.9330       0.8572       0.9412       0.8617
  0.9893       0.9436       0.7728       0.9515       0.8707
  0.9902       0.9533       0.9163       0.9609       0.8823
  0.9912       0.9621       0.9549       0.9695       0.8964
  0.9922       0.9700       0.9108       0.9771       0.9127
  0.9932       0.9770       0.9291       0.9838       0.9308
  0.9941       0.9831       0.9501       0.9896       0.9501
  0.9951       0.9883       0.7939       0.9945       0.9697
  0.9961       0.9925       1.1161       0.9984       0.9889
  0.9971       0.9958       1.1527       1.0013       1.0066
  0.9980       0.9981       1.0783       1.0034       1.0220
  0.9990       0.9995       0.8228       1.0045       1.0343
