-4 -0.999999984539704
-3.875 -0.999999957382882
-3.75 -0.999999886034932
-3.625 -0.999999704333252
-3.5 -0.999999255782864
-3.375 -0.999998182440521
-3.25 -0.999995692781782
-3.125 -0.999990095004387
-3 -0.999977894851102
-2.875 -0.999952120464865
-2.75 -0.999899338666567
-2.625 -0.999794564994445
-2.5 -0.999592964536606
-2.375 -0.999216952820867
-2.25 -0.99853715334125
-2.125 -0.99734583210427
-2 -0.995322139581219
-1.875 -0.99198997276661
-1.75 -0.986671652155294
-1.625 -0.978443791119842
-1.5 -0.966105266402972
-1.375 -0.948170209967293
-1.25 -0.922900219942947
-1.125 -0.888388226979099
-1 -0.84270068974759
-0.875 -0.784074925009414
-0.75 -0.711155569636656
-0.625 -0.623240952417462
-0.5 -0.520500016304747
-0.375 -0.40411694412452
-0.25 -0.276326261353527
-0.125 -0.140316192477912
0 9.99999971718069E-10
0.125 0.140316192477912
0.25 0.276326261353527
0.375 0.40411694412452
0.5 0.520500016304747
0.625 0.623240952417462
0.75 0.711155569636656
0.875 0.784074925009414
1 0.84270068974759
1.125 0.888388226979099
1.25 0.922900219942947
1.375 0.948170209967293
1.5 0.966105266402972
1.625 0.978443791119842
1.75 0.986671652155294
1.875 0.99198997276661
2 0.995322139581219
2.125 0.99734583210427
2.25 0.99853715334125
2.375 0.999216952820867
2.5 0.999592964536606
2.625 0.999794564994445
2.75 0.999899338666567
2.875 0.999952120464865
3 0.999977894851102
3.125 0.999990095004387
3.25 0.999995692781782
3.375 0.999998182440521
3.5 0.999999255782864
3.625 0.999999704333252
3.75 0.999999886034932
3.875 0.999999957382882


-4 267228104514936
-3.875 0.412195615931308
-3.75 0.267866128842656
-3.625 0.245277418482415
-3.5 0.270088205829599
-3.375 0.347084246041588
-3.25 0.53625072786218
-3.125 1.1668538707211
-3 -1.42521655741299E+15
-2.875 -1.59725801173382
-2.75 -1.00449798315996
-2.625 -0.889130641998755
-2.5 -0.945308720403596
-2.375 -1.17140933039036
-2.25 -1.74281486555209
-2.125 -3.64641834600343
-2 6.41347450835847E+15
-1.875 4.59211678373473
-1.75 2.76236945368989
-1.625 2.33396793524673
-1.5 2.36327180100899
-1.375 2.7820971596771
-1.25 3.92133344749219
-1.125 7.7486389852573
-1 -2.56538980334339E+16
-0.875 -8.61021896950262
-0.75 -4.83414654395732
-0.625 -3.79269789477594
-0.5 -3.54490770151348
-0.375 -3.82538359455602
-0.25 -4.90166680936524
-0.125 -8.71721885841446
0 Infinito
0.125 7.53394159963484
0.25 3.62560990858839
0.375 2.3704361846348
0.5 1.77245385105429
0.625 1.43451884820048
0.75 1.225416702551
0.875 1.08965235749273
1 1.00000000012234
1.125 0.941742699954355
1.25 0.906402477147098
1.375 0.888913569238052
1.5 0.886226925527145
1.625 0.896574280125299
1.75 0.91906252691325
1.875 0.953445812806137
2 1.00000000012234
2.125 1.05946053744865
2.25 1.13300309643387
2.375 1.22225615770232
2.5 1.32934038829072
2.625 1.45693320520361
2.75 1.60835942209819
2.875 1.78771089901151
3 2.00000000024468
3.125 2.25135364207838
3.25 2.54925696697621
3.375 2.90285837454301
3.5 3.32335097072679
3.625 3.82444966365948
3.75 4.42298841077002
3.875 5.13966883465808


0 0
0.04 0.045111106
-0.04 -0.045111106	
