1E-08 9.9999999E-09
0.0201437999247254 0.0197380272554048
0.0365460614560716 0.035221849583873
0.0522547553003063 0.0495725413517484
0.0673151324757189 0.0629022568259992
0.0818689345132588 0.0753940694957247
0.0960410284945613 0.0871984568596903
0.109924989233641 0.0984259969857816
0.123587622269077 0.109155959459403
0.137075920963152 0.119445438353423
0.150422948667084 0.129336353320084
0.163652191473385 0.138860352672373
0.176780621978097 0.148042129484328
0.189820807638477 0.156901631132437
0.20278234598487 0.165455522875906
0.215672836861408 0.173718156477994
0.22849854024227 0.181702212915899
0.241264821944352 0.189419131170698
0.253976456724135 0.1968793966424
0.266637835561362 0.204092737267228
0.279253108502595 0.211068258705937
0.29182628404323 0.217814539071987
0.304361299065838 0.224339696579233
0.31686206870839 0.230651438883834
0.329332522443108 0.236757099902895
0.341776630588181 0.242663667945061
0.354198424103751 0.248377807717351
0.366602009609222 0.253905877939627
0.378991580947497 0.259253945749414
0.391371428211597 0.264427798715879
0.403745944872912 0.269432955038596
0.416119633463432 0.274274672342668
0.428497110137402 0.278957955369988
0.440883108351158 0.283487562789293
0.453282481840551 0.287868013293791
0.465700207034587 0.292103591116959
0.478141385015822 0.296198351069548
0.490611243118836 0.300156123180704
0.50311513624491 0.303980517010985
0.515658547962117 0.307674925693605
0.528247091454133 0.311242529751206
0.540886510377189 0.314686300728348
0.553582679682204 0.318009004674012
0.56634160645774 0.321213205503513
0.579169430848687 0.324301268265053
0.592072427105372 0.327275362332421
0.605057004817774 0.330137464542144
0.618129710389818 0.332889362290421
0.631297228809053 0.33553265660252
0.644566385767494 0.338068765184841
0.657944150189951 0.340498925467618
0.671437637226828 0.34282419764413
0.685054111769138 0.345045467710363
0.698800992544446 0.347163450507318
0.712685856853659 0.349178692766507
0.726716446010058 0.351091576157712
0.740900671543882 0.3529023203367
0.755246622238116 0.354610985989382
0.769762572064085 0.356217477867747
0.784456989089046 0.357721547811906
0.799338545432386 0.359122797751609
0.814416128352328 0.360420682679769
0.829698852551414 0.361614513589677
0.845196073796568 0.362703460366838
0.860917403958463 0.36368655462556
0.876872727585355 0.364562692479679
0.893072220138761 0.365330637235964
0.909526368032528 0.365989021997879
0.926245990633331 0.366536352166408
0.943242264399666 0.366971007823571
0.960526749358404 0.367291245983002
0.978111418143431 0.367495202690533
0.996008687850173 0.367580894956087
1.01423145499371 0.367546222496218
1.03279313389732 0.36738896926442
1.0517076988835 0.36710680474366
1.07098973069203 0.366697284972571
1.09065446761028 0.366157853273123
1.11071786187192 0.36548584064348
1.13119664196222 0.364678465774868
1.15210838156449 0.363732834645706
1.17347157599449 0.362645939639695
1.19530572710169 0.361414658127011
1.2176314377712 0.360035750438985
1.24047051734309 0.358505857156537
1.26384609948155 0.356821495620917
1.28778277428236 0.354979055561891
1.31230673671008 0.352974793723074
1.33744595381761 0.350804827346532
1.36323035362991 0.348465126358945
1.38969203908622 0.345951504079332
1.41686553104588 0.343259606243954
1.44478804509162 0.340384898117804
1.47349980773169 0.337322649435187
1.50304441863195 0.334067916886256
1.53346926672364 0.330615523845541
1.56482600945199 0.326960037028523
1.59717112606312 0.323095739773643
1.63056655765539 0.319016601696821
1.66508044868025 0.314716244582263
1.70078800650503 0.310187904604214
1.73777249720497 0.305424391397206
1.7761263962727 0.300418045236535
1.81595271116721 0.295160694870042
1.85736648627115 0.289643620713415
1.90049648569874 0.283857531777235
1.9454870179733 0.277792570822263
1.992499805479 0.271438372469947
2.04171568729065 0.264784215975233
2.09333573628462 0.25781934224426
2.14758100461211 0.250533549462152
2.20468948789447 0.242918250629294
2.26490790222241 0.234968273500526
2.32847445693369 0.226684794872555
2.39558731175129 0.218079855863468
2.46635323218048 0.209182701667524
2.54071550554453 0.20004734164984
2.61837411412379 0.190758884426063
2.69873347280344 0.181433987753385
2.78092507695219 0.172210813833641
2.86392526240796 0.163228915936837
2.94672794699565 0.154606807229704
3.02849580384133 0.146426999463395
3.10863708775246 0.138732792005209
3.18680658959732 0.131534223467286
3.26286066320817 0.12481788519088
3.33679810148932 0.118556444570296
3.40870642759827 0.112715971287297
3.47872106131958 0.107260788496825
3.54699764490403 0.102156308231607
3.61369492673322 0.0973704692110935
3.67896511382336 0.0928743040329045
3.74294908864864 0.0886420110299415
3.80577459178583 0.0846507717599123
3.86755609798509 0.0808804577376476
3.92839558112323 0.0773133064212187
3.98838368328056 0.0739336076302666
4.04760100979672 0.0707274190959902
4.10611940022195 0.0676823174929408
4.16400310163005 0.0647871849448148
4.22130981481472 0.0620320280428682
4.27809160806766 0.0594078253156263
4.33439570558796 0.0569063989431787
4.39026516310114 0.0545203068136633
4.44573944500835 0.0522427515002272
4.50085491714172 0.0500675032529997
4.55564526801227 0.0479888345854808
4.61014186988506 0.0460014644611321
4.66437408941377 0.0441005104472846
4.71836955606759 0.0422814475029738
4.77215439525315 0.0405400723122916
4.82575343188997 0.0388724722736801
4.87919036923313 0.037274998416341
4.93248794693341 0.0357442416447158
4.98566808166086 0.0342770118168207
5.03875199307176 0.0328703192470511
5.09176031745064 0.0315213582929031
5.14471321099158 0.0302274927411149
5.197630444382 0.0289862427545434
5.25053149010446 0.0277952731787146
5.30343560366911 0.0266523830380031
5.35636189982165 0.0255554960771027
5.40932942463325 0.0245026522248482
5.46235722426389 0.023491999875358
5.51546441109504 0.0225217888965273
5.5686702278465 0.0215903642886374
5.62199411022437 0.0206961604266811
5.67545574858709 0.0198376958292712
5.72907514906448 0.0190135684049865
5.78287269451583 0.0182224511339377
5.83686920566661 0.0174630881484044
5.8910860027155 0.0167342911817534
5.94554496765181 0.0160349363596366
6.00026860746423 0.015363961311801
6.05528011835043 0.0147203625868158
6.11060345094853 0.014103193355725
6.16626337649824 0.0135115613941396
6.22228555369226 0.0129446273356646
6.27869659578625 0.0124016031928639
6.33552413728128 0.0118817511452597
6.39279689915657 0.0113843825971743
6.45054475118506 0.0109088575115833
6.50879876927384 0.0104545840295593
6.56759128498927 0.0100210183883135
6.62695592339168 0.00960766515421934
6.68692762393725 0.00921407779035511
6.74754263740453 0.00883985958077444
6.80883848944101 0.0084846649354421
6.87085389824519 0.00814820109985604
6.93362862991405 0.00783023029071914
6.9972032698865 0.00753057227198852
7.06161888249192 0.00724910737181216
7.12691652271072 0.00698577991682093
7.19313655485612 0.00674060202120699
7.26031772229568 0.00651365760763933
7.32849590145103 0.00630510644740929
7.39770246409517 0.00611518787932295
7.46796216802465 0.00594422369261416
7.53929050355055 0.00579261943519114
7.61169045098949 0.00566086314371374
7.68514866442891 0.00554952021916104
7.75963120240059 0.00545922296262905
7.83507908509154 0.00539065326510546
7.91140416399633 0.00534451728515804
7.98848600879657 0.00532151183196714
8 0.00532010641141836
