0 1 0
0.125 0.942537788233518 0.121408611764595
0.25 0.885075576467035 0.235634447058379
0.375 0.827613364700552 0.342677505881354
0.5 0.77015115293407 0.442537788233517
0.625 0.712688941167587 0.535215294114871
0.75 0.655226729401105 0.620710023525414
0.875 0.597764517634622 0.699021976465147
1 0.54030230586814 0.77015115293407
1.125 0.420746163066229 0.830216682242468
1.25 0.301190020264319 0.875337693700627
1.375 0.181633877462409 0.905514187308548
1.5 0.0620777346604987 0.920746163066229
1.625 -0.0574784081414116 0.921033620973672
1.75 -0.177034550943322 0.906376561030877
1.875 -0.296590693745232 0.876774983237842
2 -0.416146836547142 0.832228887594569
2.125 -0.487877544053805 0.775727363807009
2.25 -0.559608251560468 0.710259501581117
2.375 -0.631338959067131 0.635825300916892
2.5 -0.703069666573794 0.552424761814335
2.625 -0.774800374080457 0.460057884273444
2.75 -0.84653108158712 0.35872466829422
2.875 -0.918261789093783 0.248425113876664
3 -0.989992496600445 0.129159221020775
3.125 -0.947948887133341 0.00803788453741304
3.25 -0.905905277666237 -0.107828000762561
3.375 -0.863861668199133 -0.218438434879146
3.5 -0.821818058732029 -0.323793417812344
3.625 -0.779774449264925 -0.423892949562153
3.75 -0.73773083979782 -0.518737030128575
3.875 -0.695687230330716 -0.608325659511609
4 -0.653643620863612 -0.692658837711254
4.125 -0.536480395072757 -0.767041588707277
4.25 -0.419317169281902 -0.826778936479443
4.375 -0.302153943491048 -0.871870881027753
4.5 -0.184990717700193 -0.902317422352205
4.625 -0.067827491909338 -0.918118560452801
4.75 0.0493357338815167 -0.91927429532954
4.875 0.166498959672371 -0.905784626982422
5 0.283662185463226 -0.877649555411447
5.125 0.368225698111619 -0.836906562688019
5.25 0.452789210760011 -0.785593130883542
5.375 0.537352723408404 -0.723709259998016
5.5 0.621916236056796 -0.651254950031441
5.625 0.706479748705189 -0.568230200983817
5.75 0.791043261353581 -0.474635012855144
5.875 0.875606774001974 -0.370469385645422
6 0.960170286650366 -0.255733319354651
6.125 0.934386782611983 -0.137323502525754
6.25 0.908603278573601 -0.022136623701655
6.375 0.882819774535218 0.0898273171176462
6.5 0.857036270496835 0.19856831993215
6.625 0.831252766458453 0.304086384741855
6.75 0.80546926242007 0.406381511546763
6.875 0.779685758381687 0.505453700346872
7 0.753902254343305 0.601302951142184
7.125 0.641476968324315 0.688514152558911
7.25 0.529051682305325 0.761672193223263
7.375 0.416626396286335 0.820777073135242
7.5 0.304201110267346 0.865828792294847
7.625 0.191775824248356 0.896827350702078
7.75 0.079350538229366 0.913772748356936
7.875 -0.0330747477896237 0.91666498525942
8 -0.145500033808614 0.90550406140953
8.125 -0.241203812318121 0.881335071026609
8.25 -0.336907590827629 0.84520310833
8.375 -0.432611369337137 0.797108173319702
8.5 -0.528315147846645 0.737050265995715
8.625 -0.624018926356153 0.66502938635804
8.75 -0.719722704865661 0.581045534406677
8.875 -0.815426483375169 0.485098710141625


0 0 0.757905132298927 0
0.125 0.0960438579828186 0.77879659542617 0.00597553869797923
0.25 0.194699148856542 0.799688058553412 0.0241197741994924
0.375 0.295965872621172 0.820579521680654 0.0547591356159026
0.5 0.399844029276706 0.841470984807897 0.098220052058573
0.625 0.506333618823146 0.862362447935139 0.154828952638867
0.75 0.615434641260491 0.883253911062381 0.224912266468147
0.875 0.727147096588741 0.904145374189623 0.308796422657777
1 0.841470984807897 0.925036837316866 0.40680785031912
1.125 0.943706677045957 0.710734238492096 0.518660494027206
1.25 1.01915454443092 0.496431639667325 0.64161836021173
1.375 1.06781458696279 0.282129040842555 0.772332970766057
1.5 1.08968680464156 0.0678264420177852 0.907455847583548
1.625 1.08477119746723 -0.146476156806985 1.04363851255757
1.75 1.05306776543981 -0.360778755631755 1.17753248758148
1.875 0.994576508559295 -0.575081354456525 1.30578929454864
2 0.909297426825682 -0.789383953281295 1.42506045535242
2.125 0.810955784767324 -0.784082319652425 1.5325693779082
2.25 0.713276846912575 -0.778780686023555 1.6278270142194
2.375 0.616260613261435 -0.773479052394685 1.71091620231149
2.5 0.519907083813904 -0.768177418765814 1.78191978020991
2.625 0.424216258569982 -0.762875785136944 1.84092058594012
2.75 0.329188137529668 -0.757574151508074 1.88800145752756
2.875 0.234822720692963 -0.752272517879204 1.92324523299769
3 0.141120008059867 -0.746970884250334 1.94673475037595
3.125 0.0453900284798652 -0.784708789029699 1.95844076555653
3.25 -0.0550571891975576 -0.822446693809065 1.95788570590852
3.375 -0.160221644972401 -0.86018459858843 1.94447991666975
3.5 -0.270103338844665 -0.897922503367795 1.91763374307803
3.625 -0.38470227081435 -0.935660408147161 1.87675753037119
3.75 -0.504018440881455 -0.973398312926526 1.82126162378705
3.875 -0.628051849045981 -1.01113621770589 1.75055636856343
4 -0.756802495307928 -1.04887412248526 1.66405210993816
4.125 -0.874681255257178 -0.837186036702745 1.56180873999948
4.25 -0.966099004483615 -0.625497950920234 1.44648433823732
4.375 -1.03105574298724 -0.413809865137722 1.32138653099203
4.5 -1.06955147076805 -0.20212177935521 1.18982294460396
4.625 -1.08158618782604 0.00956630642730172 1.05510120541347
4.75 -1.06715989416122 0.221254392209813 0.920528939760902
4.875 -1.02627258977359 0.432942477992325 0.789413773986614
5 -0.958924274663138 0.644630563774837 0.665063334430956
5.125 -0.877800482118012 0.653350116947181 0.550256683547274
5.25 -0.795586745426343 0.662069670119525 0.445658628240892
5.375 -0.712283064588131 0.670789223291869 0.351405411530127
5.5 -0.627889439603376 0.679508776464213 0.267633276433298
5.625 -0.542405870472078 0.688228329636557 0.194478465968723
5.75 -0.455832357194237 0.696947882808901 0.132077223154718
5.875 -0.368168899769853 0.705667435981244 0.0805657910096027
6 -0.279415498198926 0.714386989153588 0.0400804125516943
6.125 -0.186648138495913 0.76989076609462 0.0108791647153749
6.25 -0.0869428066752709 0.825394543035652 -0.00629253990071608
6.375 0.019700497263 0.880898319976683 -0.010567454781875
6.5 0.1332817733189 0.936402096917715 -0.00107833341339818
6.625 0.253801021492429 0.991905873858747 0.0230420707194179
6.75 0.381258241783587 1.04740965079978 0.0626610041312769
6.875 0.515653434192373 1.10291342774081 0.118645713336882
7 0.656986598718789 1.15841720468184 0.191863444850938
7.125 0.788881787479375 0.951905815487529 0.282499114026337
7.25 0.894963052590671 0.745394426293217 0.388008311568728
7.375 0.975230394052679 0.538883037098905 0.505164297021951
7.5 1.0296838118654 0.332371647904593 0.630740329929844
7.625 1.05832330602883 0.12586025871028 0.761509669836247
7.75 1.06114887654297 -0.0806511304840316 0.894245576284997
7.875 1.03816052340782 -0.287162519678344 1.02572130881993
8 0.989358246623382 -0.493673908872656 1.1527101269849
8.125 0.926343291568847 -0.514565371999898 1.27246867554786
8.25 0.860716903623407 -0.53545683512714 1.38418714017332
8.375 0.792479082787062 -0.556348298254383 1.48753909174992
8.5 0.721629829059812 -0.577239761381625 1.5821981011663
8.625 0.648169142441656 -0.598131224508867 1.66783773931109
8.75 0.572097022932595 -0.61902268763611 1.74413157707293
8.875 0.493413470532628 -0.639914150763352 1.81075318534045


0 0 0.993743254890683 0
0.125 0.12392050008383 0.986605492230552 0.00775432521703641
0.25 0.246056559502627 0.96519220425016 0.0309057733265811
0.375 0.364623737591359 0.929503390949507 0.0691197617039405
0.5 0.477837593684993 0.879539052328593 0.121838652641292
0.625 0.583913687118496 0.815299188387418 0.188281753347683
0.75 0.681067577226837 0.736783799125981 0.267445315949034
0.875 0.767514823344981 0.643992884544283 0.358102537488134
1 0.841470984807897 0.536926444642324 0.458803559924645
1.125 0.901425037117947 0.422146467437601 0.567884014390329
1.25 0.946959620447077 0.306214940947611 0.683559007996593
1.375 0.97793079113463 0.189131865172354 0.804017110642032
1.5 0.994194605519946 0.0708972401118303 0.927428899267657
1.625 0.995607119942368 -0.0484889342339603 1.0519469578569
1.75 0.982024390741237 -0.169026657865018 1.1757058774356
1.875 0.953302474255894 -0.290715930781342 1.29682225607203
2 0.909297426825682 -0.413556752982934 1.41339469887687
2.125 0.850160869075039 -0.530455581627439 1.52351305438713
2.25 0.777226678768798 -0.634318873872505 1.62536001478915
2.375 0.69212429795689 -0.725146629718132 1.71731271614159
2.5 0.596483168689242 -0.802938849164319 1.79795197475938
2.625 0.491932733015786 -0.867695532211067 1.86606228721366
2.75 0.380102432986452 -0.919416678858376 1.92063183033183
2.875 0.262621710651169 -0.958102289106246 1.96085246119753
3 0.141120008059867 -0.983752362954676 1.98611971715063
3.125 0.0172723011698744 -0.995274086626119 1.99603423872185
3.25 -0.10706429843189 -0.991574646343025 1.99041742191344
3.375 -0.229987145251109 -0.972654042105394 1.96932707047981
3.5 -0.349593593793466 -0.938512273913227 1.9330588188622
3.625 -0.463980998564644 -0.889149341766522 1.88214613218858
3.75 -0.571246714070325 -0.824565245665282 1.81736030627376
3.875 -0.669488094816192 -0.744759985609505 1.73971046761933
4 -0.756802495307928 -0.649733561599191 1.65044357341364
4.125 -0.831531987480686 -0.545359191941594 1.55103676411219
4.25 -0.892997512987492 -0.437510094943967 1.44311324182121
4.375 -0.940764730910843 -0.32618627060631 1.3283581486813
4.5 -0.974399300333235 -0.211387718928623 1.20851091944771
4.625 -0.993466880337164 -0.0931144399109067 1.08536528149042
4.75 -0.997533130005127 0.0286335664468396 0.960769254794084
4.875 -0.98616370841962 0.153856300144616 0.836625151958035
5 -0.958924274663138 0.282553761182422 0.714889578196303
5.125 -0.915696597274905 0.40713932259886 0.597563552917081
5.25 -0.857626882621039 0.520026357432533 0.486583847096978
5.375 -0.786177446524386 0.621214865683442 0.383714320655271
5.5 -0.702810604807793 0.710704847351586 0.290536044033379
5.625 -0.608988673294105 0.788496302436964 0.208447298194868
5.75 -0.506173967806168 0.854589230939578 0.138663574625447
5.875 -0.395828804166826 0.908983632859427 0.0822175753329681
6 -0.279415498198926 0.951679508196511 0.0399592128474301
6.125 -0.158470349272017 0.98090125182995 0.0125532982351402
6.25 -0.0348255909424601 0.994873258638864 0.000454109254536254
6.375 0.0896125596866776 0.993595528623253 0.00387995851200766
6.5 0.212937885512331 0.977068061783116 0.0228108814760605
6.625 0.333244169431435 0.945290858118454 0.0569886364773175
6.75 0.448625194340923 0.898263917629266 0.105916704708518
6.875 0.557174743137729 0.835987240315553 0.16886029022452
7 0.656986598718789 0.758460826177315 0.244846319942295
7.125 0.746305285800159 0.6693024788735 0.332668154322781
7.25 0.823978296374388 0.572130002063054 0.430937404871204
7.375 0.889003864253146 0.466943395745978 0.5381357516374
7.5 0.940380223248106 0.353742659922273 0.652619653897665
7.625 0.977105607170938 0.232527794591937 0.772620350154754
7.75 0.998178249833314 0.103298799754971 0.896243858137881
7.875 1.0025963850469 -0.0339443245886244 1.02147097480272
8 0.989358246623382 -0.17920157843885 1.14615727633139
8.125 0.980029226710661 -0.149264318603541 1.26943834799629
8.25 0.952042166972497 -0.298528637207081 1.390387164683
8.375 0.90539706740889 -0.447792955810622 1.50667147141335
8.5 0.840093928019841 -0.597057274414163 1.61595901320916
8.625 0.756132748805349 -0.746321593017704 1.71591753509225
8.75 0.653513529765415 -0.895585911621244 1.80421478208444
8.875 0.532236270900038 -1.04485023022478 1.87851849920754
