0 0 0,993743254890683 0
0,125 0,12392050008383 0,986605492230552 0,00775432521703641
0,25 0,246056559502627 0,96519220425016 0,0309057733265811
0,375 0,364623737591359 0,929503390949507 0,0691197617039405
0,5 0,477837593684993 0,879539052328593 0,121838652641292
0,625 0,583913687118496 0,815299188387418 0,188281753347683
0,75 0,681067577226837 0,736783799125981 0,267445315949034
0,875 0,767514823344981 0,643992884544283 0,358102537488134
1 0,841470984807897 0,536926444642324 0,458803559924645
1,125 0,901425037117947 0,422146467437601 0,567884014390329
1,25 0,946959620447077 0,306214940947611 0,683559007996593
1,375 0,97793079113463 0,189131865172354 0,804017110642032
1,5 0,994194605519946 0,0708972401118303 0,927428899267657
1,625 0,995607119942368 -0,0484889342339603 1,0519469578569
1,75 0,982024390741237 -0,169026657865018 1,1757058774356
1,875 0,953302474255894 -0,290715930781342 1,29682225607203
2 0,909297426825682 -0,413556752982934 1,41339469887687
2,125 0,850160869075039 -0,530455581627439 1,52351305438713
2,25 0,777226678768798 -0,634318873872505 1,62536001478915
2,375 0,69212429795689 -0,725146629718132 1,71731271614159
2,5 0,596483168689242 -0,802938849164319 1,79795197475938
2,625 0,491932733015786 -0,867695532211067 1,86606228721366
2,75 0,380102432986452 -0,919416678858376 1,92063183033183
2,875 0,262621710651169 -0,958102289106246 1,96085246119753
3 0,141120008059867 -0,983752362954676 1,98611971715063
3,125 0,0172723011698744 -0,995274086626119 1,99603423872185
3,25 -0,10706429843189 -0,991574646343025 1,99041742191344
3,375 -0,229987145251109 -0,972654042105394 1,96932707047981
3,5 -0,349593593793466 -0,938512273913227 1,9330588188622
3,625 -0,463980998564644 -0,889149341766522 1,88214613218858
3,75 -0,571246714070325 -0,824565245665282 1,81736030627376
3,875 -0,669488094816192 -0,744759985609505 1,73971046761933
4 -0,756802495307928 -0,649733561599191 1,65044357341364
4,125 -0,831531987480686 -0,545359191941594 1,55103676411219
4,25 -0,892997512987492 -0,437510094943967 1,44311324182121
4,375 -0,940764730910843 -0,32618627060631 1,3283581486813
4,5 -0,974399300333235 -0,211387718928623 1,20851091944771
4,625 -0,993466880337164 -0,0931144399109067 1,08536528149042
4,75 -0,997533130005127 0,0286335664468396 0,960769254794084
4,875 -0,98616370841962 0,153856300144616 0,836625151958035
5 -0,958924274663138 0,282553761182422 0,714889578196303
5,125 -0,915696597274905 0,40713932259886 0,597563552917081
5,25 -0,857626882621039 0,520026357432533 0,486583847096978
5,375 -0,786177446524386 0,621214865683442 0,383714320655271
5,5 -0,702810604807793 0,710704847351586 0,290536044033379
5,625 -0,608988673294105 0,788496302436964 0,208447298194868
5,75 -0,506173967806168 0,854589230939578 0,138663574625447
5,875 -0,395828804166826 0,908983632859427 0,0822175753329681
6 -0,279415498198926 0,951679508196511 0,0399592128474301
6,125 -0,158470349272017 0,98090125182995 0,0125532982351402
6,25 -0,0348255909424601 0,994873258638864 0,000454109254536254
6,375 0,0896125596866776 0,993595528623253 0,00387995851200766
6,5 0,212937885512331 0,977068061783116 0,0228108814760605
6,625 0,333244169431435 0,945290858118454 0,0569886364773175
6,75 0,448625194340923 0,898263917629266 0,105916704708518
6,875 0,557174743137729 0,835987240315553 0,16886029022452
7 0,656986598718789 0,758460826177315 0,244846319942295
7,125 0,746305285800159 0,6693024788735 0,332668154322781
7,25 0,823978296374388 0,572130002063054 0,430937404871204
7,375 0,889003864253146 0,466943395745978 0,5381357516374
7,5 0,940380223248106 0,353742659922273 0,652619653897665
7,625 0,977105607170938 0,232527794591937 0,772620350154754
7,75 0,998178249833314 0,103298799754971 0,896243858137881
7,875 1,0025963850469 -0,0339443245886244 1,02147097480272
8 0,989358246623382 -0,17920157843885 1,14615727633139
8,125 0,980029226710661 -0,149264318603541 1,26943834799629
8,25 0,952042166972497 -0,298528637207081 1,390387164683
8,375 0,90539706740889 -0,447792955810622 1,50667147141335
8,5 0,840093928019841 -0,597057274414163 1,61595901320916
8,625 0,756132748805349 -0,746321593017704 1,71591753509225
8,75 0,653513529765415 -0,895585911621244 1,80421478208444
8,875 0,532236270900038 -1,04485023022478 1,87851849920754
