0,316228 0,505964 0,058407
0,129099 0,184391 0,258407
0,095346 0,162031 0,087047
0,079057 0,123428 0,108407
0,069007 0,106264 0,134598
0,062017 0,099936 0,043023
0,056796 0,084885 0,187440
0,052705 0,087252 0,019370
0,049386 0,080769 0,009627
0,046625 0,079303 0,089419
0,044281 0,070056 0,081937
0,042258 0,071172 0,063021
0,040489 0,066507 0,000609
0,038925 0,061561 0,082650
0,037529 0,062721 0,043001
0,036274 0,058603 0,037355
0,035136 0,059876 0,094679
0,034100 0,055825 0,007245
0,033150 0,054307 0,005660
0,032275 0,053093 0,004093

∫dx/π ∫dy/π ∫dz/π [1-cos(x)cos(y)cos(z)]⁻1 = 1,38888084129115

Method		Area Circle	Err Est		Err Real	
QuasiMC		3,144000	0,000E+000	2,407E-003
PseudoRandom	3,137500	5,309E-002	4,093E-003
StratifiedMC	3,188258	4,525E-004	4,667E-002
