     0.000          1          0 
     0.052      0.999    -0.0519 
     0.102      0.995     -0.102 
     0.151      0.989     -0.151 
     0.200       0.98     -0.198 
     0.248      0.969     -0.245 
     0.295      0.957     -0.291 
     0.343      0.942     -0.336 
     0.391      0.925     -0.381 
     0.438      0.906     -0.424 
     0.485      0.884     -0.467 
     0.533      0.861     -0.508 
     0.580      0.836     -0.548 
     0.628      0.809     -0.587 
     0.675      0.781     -0.625 
     0.722       0.75     -0.661 
     0.770      0.718     -0.696 
     0.817      0.684     -0.729 
     0.864      0.649     -0.761 
     0.912      0.612     -0.791 
     0.959      0.574     -0.819 
     1.006      0.535     -0.845 
     1.054      0.494     -0.869 
     1.101      0.452     -0.892 
     1.148       0.41     -0.912 
     1.196      0.366     -0.931 
     1.243      0.321     -0.947 
     1.290      0.276     -0.961 
     1.338       0.23     -0.973 
     1.385      0.184     -0.983 
     1.432      0.137     -0.991 
     1.480     0.0903     -0.996 
     1.527      0.043     -0.999 
     1.575   -0.00432         -1 
     1.622    -0.0517     -0.999 
     1.669    -0.0989     -0.995 
     1.717     -0.146     -0.989 
     1.764     -0.193     -0.981 
     1.811     -0.239     -0.971 
     1.859     -0.285     -0.959 
     1.906      -0.33     -0.944 
     1.953     -0.374     -0.927 
     2.001     -0.417     -0.909 
     2.048      -0.46     -0.888 
     2.095     -0.502     -0.865 
     2.143     -0.542      -0.84 
     2.190     -0.581     -0.814 
     2.237     -0.619     -0.785 
     2.285     -0.655     -0.755 
     2.332     -0.691     -0.723 
     2.379     -0.724      -0.69 
     2.427     -0.756     -0.655 
     2.474     -0.786     -0.618 
     2.521     -0.814      -0.58 
     2.569     -0.841     -0.541 
     2.616     -0.866     -0.501 
     2.664     -0.888     -0.459 
     2.711     -0.909     -0.417 
     2.758     -0.928     -0.373 
     2.806     -0.944     -0.329 
     2.853     -0.959     -0.284 
     2.900     -0.971     -0.238 
     2.948     -0.981     -0.192 
     2.995     -0.989     -0.145 
     3.042     -0.995     -0.098 
     3.090     -0.999    -0.0508 
     3.137         -1   -0.00342 
     3.184     -0.999     0.0439 
     3.232     -0.996     0.0912 
     3.279      -0.99      0.138 
     3.326     -0.983      0.185 
     3.374     -0.973      0.231 
     3.421     -0.961      0.277 
     3.468     -0.947      0.322 
     3.516      -0.93      0.367 
     3.563     -0.912       0.41 
     3.610     -0.892      0.453 
     3.658     -0.869      0.495 
     3.705     -0.845      0.535 
     3.753     -0.818      0.575 
     3.800      -0.79      0.613 
     3.847      -0.76       0.65 
     3.895     -0.729      0.685 
     3.942     -0.695      0.719 
     3.989     -0.661      0.751 
     4.037     -0.624      0.781 
     4.084     -0.587       0.81 
     4.131     -0.548      0.837 
     4.179     -0.507      0.862 
     4.226     -0.466      0.885 
     4.273     -0.424      0.906 
     4.321      -0.38      0.925 
     4.368     -0.336      0.942 
     4.415     -0.291      0.957 
     4.463     -0.245      0.969 
     4.510     -0.199       0.98 
     4.557     -0.153      0.988 
     4.605     -0.106      0.994 
     4.652    -0.0585      0.998 
     4.699    -0.0112          1 
     4.747     0.0362      0.999 
     4.794     0.0835      0.997 
     4.841      0.131      0.992 
     4.889      0.177      0.984 
     4.936      0.224      0.975 
     4.984       0.27      0.963 
     5.031      0.315      0.949 
     5.078       0.36      0.933 
     5.126      0.403      0.915 
     5.173      0.446      0.895 
     5.220      0.488      0.873 
     5.268      0.529      0.849 
     5.315      0.568      0.823 
     5.362      0.607      0.795 
     5.410      0.644      0.765 
     5.457      0.679      0.734 
     5.504      0.713      0.701 
     5.552      0.746      0.666 
     5.599      0.776       0.63 
     5.646      0.805      0.593 
     5.694      0.832      0.554 
     5.741      0.858      0.514 
     5.788      0.881      0.473 
     5.836      0.903      0.431 
     5.883      0.922      0.387 
     5.930      0.939      0.343 
     5.978      0.954      0.299 
     6.025      0.968      0.253 
     6.073      0.978      0.207 
     6.120      0.987       0.16 
     6.167      0.994      0.113 
     6.215      0.998     0.0663 
     6.262          1     0.0189 
     6.309          1    -0.0284 
     6.357      0.997    -0.0757 
     6.404      0.993     -0.123 
     6.451      0.986      -0.17 
     6.499      0.976     -0.216 
     6.546      0.965     -0.262 
     6.593      0.952     -0.308 
     6.641      0.936     -0.352 
     6.688      0.918     -0.396 
     6.735      0.898     -0.439 
     6.783      0.877     -0.481 
     6.830      0.853     -0.522 
     6.877      0.827     -0.562 
     6.925        0.8     -0.601 
     6.972       0.77     -0.638 
     7.019      0.739     -0.674 
     7.067      0.707     -0.708 
     7.114      0.672      -0.74 
     7.161      0.636     -0.771 
     7.209      0.599     -0.801 
     7.256      0.561     -0.828 
     7.304      0.521     -0.854 
     7.351       0.48     -0.878 
     7.398      0.438     -0.899 
     7.446      0.395     -0.919 
     7.493      0.351     -0.937 
     7.540      0.306     -0.952 
     7.588      0.261     -0.966 
     7.635      0.215     -0.977 
     7.682      0.168     -0.986 
     7.730      0.121     -0.993 
     7.777      0.074     -0.997 
     7.824     0.0267         -1 
     7.872    -0.0207         -1 
     7.919     -0.068     -0.998 
     7.966     -0.115     -0.993 
     8.014     -0.162     -0.987 
     8.061     -0.209     -0.978 
     8.108     -0.255     -0.967 
     8.156       -0.3     -0.954 
     8.203     -0.345     -0.939 
     8.250     -0.389     -0.921 
     8.298     -0.432     -0.902 
     8.345     -0.474      -0.88 
     8.393     -0.516     -0.857 
     8.440     -0.556     -0.832 
     8.487     -0.594     -0.804 
     8.535     -0.632     -0.775 
     8.582     -0.668     -0.745 
     8.629     -0.702     -0.712 
     8.677     -0.735     -0.678 
     8.724     -0.766     -0.642 
     8.771     -0.796     -0.605 
     8.819     -0.824     -0.567 
     8.866      -0.85     -0.527 
     8.913     -0.874     -0.487 
     8.961     -0.896     -0.445 
     9.008     -0.916     -0.402 
     9.055     -0.934     -0.358 
     9.103      -0.95     -0.313 
     9.150     -0.964     -0.268 
     9.197     -0.975     -0.222 
     9.245     -0.985     -0.176 
     9.292     -0.992     -0.129 
     9.339     -0.997    -0.0818 
     9.387         -1    -0.0345 
     9.434         -1     0.0129 
     9.481     -0.998     0.0602 
     9.529     -0.994      0.107 
     9.576     -0.988      0.154 
     9.624      -0.98      0.201 
     9.671     -0.969      0.247 
     9.718     -0.956      0.293 
     9.766     -0.941      0.338 
     9.813     -0.924      0.382 
     9.860     -0.905      0.425 
     9.908     -0.884      0.468 
     9.955     -0.861      0.509 
    10.000     -0.837      0.547 
